0 0.23809523809523808 0.3333333333333333 0.30952380952380953 0.16666666666666666 0.5 0.30952380952380953 0.3333333333333333 1.1666666666666667 0.6666666666666666 0.16666666666666666 0.3666666666666667 
0.23809523809523808 0 0.23809523809523808 0.21428571428571427 0.07142857142857142 0.40476190476190477 0.21428571428571427 0.23809523809523808 1.0 0.5714285714285714 0.23809523809523808 0.27142857142857146 
0.3333333333333333 0.23809523809523808 0 0.30952380952380953 0.16666666666666666 0.5 0.30952380952380953 0.3333333333333333 1.1666666666666667 0.6666666666666666 0.3333333333333333 0.3666666666666667 
0.30952380952380953 0.21428571428571427 0.30952380952380953 0 0.14285714285714285 0.47619047619047616 0.2857142857142857 0.30952380952380953 1.1428571428571428 0.6428571428571428 0.14285714285714285 0.34285714285714286 
0.16666666666666666 0.07142857142857142 0.16666666666666666 0.14285714285714285 0 0.3333333333333333 0.14285714285714285 0.16666666666666666 1.0 0.5 0.16666666666666666 0.2 
0.5 0.40476190476190477 0.5 0.47619047619047616 0.3333333333333333 0 0.47619047619047616 0.5 1.3333333333333333 0.8333333333333333 0.5 0.5333333333333333 
0.30952380952380953 0.21428571428571427 0.30952380952380953 0.2857142857142857 0.14285714285714285 0.47619047619047616 0 0.30952380952380953 1.1428571428571428 0.6428571428571428 0.14285714285714285 0.34285714285714286 
0.3333333333333333 0.23809523809523808 0.3333333333333333 0.30952380952380953 0.16666666666666666 0.5 0.30952380952380953 0 1.1666666666666667 0.6666666666666666 0.3333333333333333 0.3666666666666667 
1.1666666666666667 1.0 1.1666666666666667 1.1428571428571428 1.0 1.3333333333333333 1.1428571428571428 1.1666666666666667 0 1.5 1.1666666666666667 1.2 
0.6666666666666666 0.5714285714285714 0.6666666666666666 0.6428571428571428 0.5 0.8333333333333333 0.6428571428571428 0.6666666666666666 1.5 0 0.6666666666666666 0.7 
0.16666666666666666 0.23809523809523808 0.3333333333333333 0.14285714285714285 0.16666666666666666 0.5 0.14285714285714285 0.3333333333333333 1.1666666666666667 0.6666666666666666 0 0.3666666666666667 
0.3666666666666667 0.27142857142857146 0.3666666666666667 0.34285714285714286 0.2 0.5333333333333333 0.34285714285714286 0.3666666666666667 1.2 0.7 0.3666666666666667 0 
