0 0.05555555555555555 0.3055555555555556 0.16666666666666666 0.05555555555555555 0.16666666666666666 0.3055555555555556 0.2222222222222222 0.18055555555555555 
0.05555555555555555 0 0.25 0.2222222222222222 0.1111111111111111 0.1111111111111111 0.25 0.16666666666666666 0.125 
0.3055555555555556 0.25 0 0.3611111111111111 0.25 0.3611111111111111 0.5 0.41666666666666663 0.375 
0.16666666666666666 0.2222222222222222 0.3611111111111111 0 0.1111111111111111 0.2222222222222222 0.3611111111111111 0.2777777777777778 0.2361111111111111 
0.05555555555555555 0.1111111111111111 0.25 0.1111111111111111 0 0.1111111111111111 0.25 0.16666666666666666 0.125 
0.16666666666666666 0.1111111111111111 0.3611111111111111 0.2222222222222222 0.1111111111111111 0 0.3611111111111111 0.2777777777777778 0.2361111111111111 
0.3055555555555556 0.25 0.5 0.3611111111111111 0.25 0.3611111111111111 0 0.41666666666666663 0.375 
0.2222222222222222 0.16666666666666666 0.41666666666666663 0.2777777777777778 0.16666666666666666 0.2777777777777778 0.41666666666666663 0 0.29166666666666663 
0.18055555555555555 0.125 0.375 0.2361111111111111 0.125 0.2361111111111111 0.375 0.29166666666666663 0 
