0 0.25 0.06696428571428571 0.11904761904761904 0.03571428571428571 0.25 0.10238095238095238 0.3333333333333333 0.07019704433497537 0.17857142857142855 
0.25 0 0.25 0.3333333333333333 0.25 0.5 0.31666666666666665 0.5833333333333333 0.25 0.39285714285714285 
0.06696428571428571 0.25 0 0.11458333333333333 0.03125 0.25 0.09791666666666667 0.3333333333333333 0.06573275862068965 0.14285714285714285 
0.11904761904761904 0.3333333333333333 0.11458333333333333 0 0.08333333333333333 0.3333333333333333 0.15 0.41666666666666663 0.11781609195402298 0.14285714285714285 
0.03571428571428571 0.25 0.03125 0.08333333333333333 0 0.25 0.06666666666666667 0.3333333333333333 0.034482758620689655 0.14285714285714285 
0.25 0.5 0.25 0.3333333333333333 0.25 0 0.31666666666666665 0.5833333333333333 0.25 0.39285714285714285 
0.10238095238095238 0.31666666666666665 0.09791666666666667 0.15 0.06666666666666667 0.31666666666666665 0 0.39999999999999997 0.10114942528735632 0.14285714285714285 
0.3333333333333333 0.5833333333333333 0.3333333333333333 0.41666666666666663 0.3333333333333333 0.5833333333333333 0.39999999999999997 0 0.3333333333333333 0.47619047619047616 
0.07019704433497537 0.25 0.06573275862068965 0.11781609195402298 0.034482758620689655 0.25 0.10114942528735632 0.3333333333333333 0 0.14285714285714285 
0.17857142857142855 0.39285714285714285 0.14285714285714285 0.14285714285714285 0.14285714285714285 0.39285714285714285 0.14285714285714285 0.47619047619047616 0.14285714285714285 0 
