0 0.25396825396825395 0.1111111111111111 0.2111111111111111 0.2222222222222222 0.2111111111111111 
0.25396825396825395 0 0.14285714285714285 0.24285714285714285 0.25396825396825395 0.24285714285714285 
0.1111111111111111 0.14285714285714285 0 0.1 0.1111111111111111 0.1 
0.2111111111111111 0.24285714285714285 0.1 0 0.2111111111111111 0.2 
0.2222222222222222 0.25396825396825395 0.1111111111111111 0.2111111111111111 0 0.2111111111111111 
0.2111111111111111 0.24285714285714285 0.1 0.2 0.2111111111111111 0 
