0 1.0666666666666667 1.0666666666666667 0.06666666666666667 0.06666666666666667 1.0666666666666667 0.06666666666666667 0.5666666666666667 
1.0666666666666667 0 2.0 1.0 1.0 2.0 1.0 1.5 
1.0666666666666667 2.0 0 1.0 1.0 2.0 1.0 1.5 
0.06666666666666667 1.0 1.0 0 0.038461538461538464 1.0 0.07142857142857142 0.5 
0.06666666666666667 1.0 1.0 0.038461538461538464 0 1.0 0.07142857142857142 0.5 
1.0666666666666667 2.0 2.0 1.0 1.0 0 1.0714285714285714 1.5 
0.06666666666666667 1.0 1.0 0.07142857142857142 0.07142857142857142 1.0714285714285714 0 0.5 
0.5666666666666667 1.5 1.5 0.5 0.5 1.5 0.5 0 
