0 0.75 0.5 0.6666666666666666 0.5714285714285714 0.5 0.8333333333333333 
0.75 0 0.375 0.41666666666666663 0.3214285714285714 0.25 0.5833333333333333 
0.5 0.375 0 0.29166666666666663 0.19642857142857142 0.125 0.4583333333333333 
0.6666666666666666 0.41666666666666663 0.29166666666666663 0 0.23809523809523808 0.16666666666666666 0.5 
0.5714285714285714 0.3214285714285714 0.19642857142857142 0.23809523809523808 0 0.07142857142857142 0.40476190476190477 
0.5 0.25 0.125 0.16666666666666666 0.07142857142857142 0 0.3333333333333333 
0.8333333333333333 0.5833333333333333 0.4583333333333333 0.5 0.40476190476190477 0.3333333333333333 0 
