0 0.14285714285714285 0.2857142857142857 0.23376623376623376 0.14285714285714285 0.6428571428571428 0.14285714285714285 0.25396825396825395 0.6428571428571428 
0.14285714285714285 0 0.2857142857142857 0.23376623376623376 0.14285714285714285 0.6428571428571428 0.14285714285714285 0.25396825396825395 0.6428571428571428 
0.2857142857142857 0.2857142857142857 0 0.23376623376623376 0.14285714285714285 0.6428571428571428 0.14285714285714285 0.25396825396825395 0.6428571428571428 
0.23376623376623376 0.23376623376623376 0.23376623376623376 0 0.09090909090909091 0.5909090909090909 0.09090909090909091 0.20202020202020202 0.5909090909090909 
0.14285714285714285 0.14285714285714285 0.14285714285714285 0.09090909090909091 0 0.5 0.18181818181818182 0.1111111111111111 0.5 
0.6428571428571428 0.6428571428571428 0.6428571428571428 0.5909090909090909 0.5 0 0.5 0.6111111111111112 1.0 
0.14285714285714285 0.14285714285714285 0.14285714285714285 0.09090909090909091 0.18181818181818182 0.5 0 0.1111111111111111 0.6818181818181819 
0.25396825396825395 0.25396825396825395 0.25396825396825395 0.20202020202020202 0.1111111111111111 0.6111111111111112 0.1111111111111111 0 0.6111111111111112 
0.6428571428571428 0.6428571428571428 0.6428571428571428 0.5909090909090909 0.5 1.0 0.6818181818181819 0.6111111111111112 0 
