0 0.3666666666666667 0.41666666666666663 0.16666666666666666 0.3333333333333333 0.1807511737089202 
0.3666666666666667 0 0.45 0.2 0.3666666666666667 0.21408450704225354 
0.41666666666666663 0.45 0 0.25 0.41666666666666663 0.2640845070422535 
0.16666666666666666 0.2 0.25 0 0.16666666666666666 0.014084507042253521 
0.3333333333333333 0.3666666666666667 0.41666666666666663 0.16666666666666666 0 0.1807511737089202 
0.1807511737089202 0.21408450704225354 0.2640845070422535 0.014084507042253521 0.1807511737089202 0 
