0 0.5833333333333333 0.5 0.25 0.39285714285714285 0.5 0.41666666666666663 
0.5833333333333333 0 0.5833333333333333 0.3333333333333333 0.47619047619047616 0.5833333333333333 0.5 
0.5 0.5833333333333333 0 0.25 0.39285714285714285 0.5 0.41666666666666663 
0.25 0.3333333333333333 0.25 0 0.14285714285714285 0.25 0.16666666666666666 
0.39285714285714285 0.47619047619047616 0.39285714285714285 0.14285714285714285 0 0.39285714285714285 0.30952380952380953 
0.5 0.5833333333333333 0.5 0.25 0.39285714285714285 0 0.41666666666666663 
0.41666666666666663 0.5 0.41666666666666663 0.16666666666666666 0.30952380952380953 0.41666666666666663 0 
