0 0.14215686274509803 0.3333333333333333 0.16666666666666666 0.5833333333333334 0.08333333333333333 
0.14215686274509803 0 0.3088235294117647 0.14215686274509803 0.5588235294117647 0.058823529411764705 
0.3333333333333333 0.3088235294117647 0 0.3333333333333333 0.75 0.25 
0.16666666666666666 0.14215686274509803 0.3333333333333333 0 0.5833333333333334 0.08333333333333333 
0.5833333333333334 0.5588235294117647 0.75 0.5833333333333334 0 0.5 
0.08333333333333333 0.058823529411764705 0.25 0.08333333333333333 0.5 0 
