0 0.08333333333333333 0.12681159420289856 0.125 0.15476190476190477 0.12179487179487179 0.08333333333333333 
0.08333333333333333 0 0.043478260869565216 0.05263157894736842 0.07142857142857142 0.038461538461538464 0.07692307692307693 
0.12681159420289856 0.043478260869565216 0 0.09610983981693363 0.11490683229813664 0.08193979933110368 0.12040133779264214 
0.125 0.05263157894736842 0.09610983981693363 0 0.12406015037593984 0.08012820512820512 0.041666666666666664 
0.15476190476190477 0.07142857142857142 0.11490683229813664 0.12406015037593984 0 0.10989010989010989 0.14835164835164835 
0.12179487179487179 0.038461538461538464 0.08193979933110368 0.08012820512820512 0.10989010989010989 0 0.038461538461538464 
0.08333333333333333 0.07692307692307693 0.12040133779264214 0.041666666666666664 0.14835164835164835 0.038461538461538464 0 
