0 1.25 0.3983516483516483 0.25 0.3214285714285714 0.31666666666666665 0.34090909090909094 0.75 0.25 0.41666666666666663 0.2976190476190476 0.29545454545454547 
1.25 0 1.1483516483516483 1.0 1.0714285714285714 1.0666666666666667 1.0909090909090908 1.5 1.0 1.1666666666666667 1.0476190476190477 1.0454545454545454 
0.3983516483516484 1.1483516483516483 0 0.14835164835164835 0.07692307692307693 0.21501831501831503 0.23926073926073926 0.6483516483516484 0.14835164835164835 0.315018315018315 0.19597069597069597 0.1938061938061938 
0.25 1.0 0.14835164835164835 0 0.07142857142857142 0.12549019607843137 0.09090909090909091 0.5 0.058823529411764705 0.16666666666666666 0.047619047619047616 0.045454545454545456 
0.3214285714285714 1.0714285714285714 0.07692307692307693 0.07142857142857142 0 0.1380952380952381 0.16233766233766234 0.5714285714285714 0.07142857142857142 0.23809523809523808 0.11904761904761904 0.11688311688311688 
0.31666666666666665 1.0666666666666667 0.21501831501831503 0.12549019607843137 0.1380952380952381 0 0.1575757575757576 0.5666666666666667 0.06666666666666667 0.23333333333333334 0.11428571428571428 0.11212121212121212 
0.34090909090909094 1.0909090909090908 0.23926073926073926 0.09090909090909091 0.16233766233766234 0.1575757575757576 0 0.5909090909090909 0.09090909090909091 0.25757575757575757 0.13852813852813853 0.13636363636363635 
0.75 1.5 0.6483516483516483 0.5 0.5714285714285714 0.5666666666666667 0.5909090909090909 0 0.5 0.6666666666666666 0.5476190476190477 0.5454545454545454 
0.25 1.0 0.14835164835164835 0.058823529411764705 0.07142857142857142 0.06666666666666667 0.09090909090909091 0.5 0 0.16666666666666666 0.047619047619047616 0.045454545454545456 
0.41666666666666663 1.1666666666666667 0.315018315018315 0.16666666666666666 0.23809523809523808 0.23333333333333334 0.25757575757575757 0.6666666666666666 0.16666666666666666 0 0.21428571428571427 0.2121212121212121 
0.2976190476190476 1.0476190476190477 0.19597069597069597 0.047619047619047616 0.11904761904761904 0.11428571428571428 0.13852813852813853 0.5476190476190477 0.047619047619047616 0.21428571428571427 0 0.09307359307359307 
0.29545454545454547 1.0454545454545454 0.1938061938061938 0.045454545454545456 0.11688311688311688 0.11212121212121212 0.13636363636363635 0.5454545454545454 0.045454545454545456 0.2121212121212121 0.09307359307359307 0 
