0 0.41666666666666663 0.369047619047619 0.47619047619047616 0.41666666666666663 0.3333333333333333 0.41025641025641024 
0.41666666666666663 0 0.11904761904761904 0.22619047619047616 0.16666666666666666 0.08333333333333333 0.16025641025641024 
0.369047619047619 0.11904761904761904 0 0.17857142857142855 0.11904761904761904 0.03571428571428571 0.11263736263736264 
0.47619047619047616 0.22619047619047616 0.17857142857142855 0 0.22619047619047616 0.14285714285714285 0.21978021978021978 
0.41666666666666663 0.16666666666666666 0.11904761904761904 0.22619047619047616 0 0.08333333333333333 0.16025641025641024 
0.3333333333333333 0.08333333333333333 0.03571428571428571 0.14285714285714285 0.08333333333333333 0 0.07692307692307693 
0.41025641025641024 0.16025641025641024 0.11263736263736264 0.21978021978021978 0.16025641025641024 0.07692307692307693 0 
