0 0.7 0.7 0.325 0.34285714285714286 0.2 0.2 
0.7 0 1.0 0.625 0.6428571428571428 0.5 0.5 
0.7 1.0 0 0.625 0.6428571428571428 0.5 0.5 
0.325 0.625 0.625 0 0.26785714285714285 0.125 0.125 
0.34285714285714286 0.6428571428571428 0.6428571428571428 0.26785714285714285 0 0.14285714285714285 0.14285714285714285 
0.2 0.5 0.5 0.125 0.14285714285714285 0 0.125 
0.2 0.5 0.5 0.125 0.14285714285714285 0.125 0 
