0 1.0 0.045454545454545456 0.5 0.07692307692307693 0.07692307692307693 0.2 
1.0 0 1.0454545454545454 1.5 1.0769230769230769 1.0769230769230769 1.2 
0.045454545454545456 1.0454545454545454 0 0.5454545454545454 0.12237762237762238 0.12237762237762238 0.24545454545454548 
0.5 1.5 0.5454545454545454 0 0.5769230769230769 0.5769230769230769 0.7 
0.07692307692307693 1.0769230769230769 0.12237762237762238 0.5769230769230769 0 0.15384615384615385 0.27692307692307694 
0.07692307692307693 1.0769230769230769 0.12237762237762238 0.5769230769230769 0.15384615384615385 0 0.27692307692307694 
0.2 1.2 0.24545454545454548 0.7 0.27692307692307694 0.27692307692307694 0 
