0 0.2777777777777778 0.3611111111111111 0.1388888888888889 0.4444444444444444 0.6111111111111112 0.2777777777777778 0.3611111111111111 0.2777777777777778 0.6111111111111112 0.1111111111111111 0.17777777777777776 
0.2777777777777778 0 0.41666666666666663 0.16666666666666666 0.5 0.6666666666666666 0.3333333333333333 0.41666666666666663 0.3333333333333333 0.6666666666666666 0.16666666666666666 0.23333333333333334 
0.3611111111111111 0.41666666666666663 0 0.2777777777777778 0.5833333333333333 0.75 0.41666666666666663 0.5 0.41666666666666663 0.75 0.25 0.31666666666666665 
0.1388888888888889 0.16666666666666666 0.2777777777777778 0 0.3333333333333333 0.5277777777777778 0.16666666666666666 0.25 0.19444444444444442 0.5277777777777778 0.027777777777777776 0.09444444444444444 
0.4444444444444444 0.5 0.5833333333333333 0.3333333333333333 0 0.8333333333333333 0.5 0.5833333333333333 0.5 0.8333333333333333 0.3333333333333333 0.39999999999999997 
0.6111111111111112 0.6666666666666666 0.75 0.5277777777777778 0.8333333333333333 0 0.6666666666666666 0.75 0.6666666666666666 1.0 0.5 0.5666666666666667 
0.2777777777777778 0.3333333333333333 0.41666666666666663 0.16666666666666666 0.5 0.6666666666666666 0 0.41666666666666663 0.3333333333333333 0.6666666666666666 0.16666666666666666 0.23333333333333334 
0.3611111111111111 0.41666666666666663 0.5 0.25 0.5833333333333333 0.75 0.41666666666666663 0 0.41666666666666663 0.75 0.25 0.31666666666666665 
0.2777777777777778 0.3333333333333333 0.41666666666666663 0.19444444444444442 0.5 0.6666666666666666 0.3333333333333333 0.41666666666666663 0 0.6666666666666666 0.16666666666666666 0.23333333333333334 
0.6111111111111112 0.6666666666666666 0.75 0.5277777777777778 0.8333333333333333 1.0 0.6666666666666666 0.75 0.6666666666666666 0 0.5 0.5666666666666667 
0.1111111111111111 0.16666666666666666 0.25 0.027777777777777776 0.3333333333333333 0.5 0.16666666666666666 0.25 0.16666666666666666 0.5 0 0.06666666666666667 
0.17777777777777776 0.23333333333333334 0.31666666666666665 0.09444444444444444 0.39999999999999997 0.5666666666666667 0.23333333333333334 0.31666666666666665 0.23333333333333334 0.5666666666666667 0.06666666666666667 0 
