0 0.45 0.41666666666666663 0.45 0.3055555555555556 0.39285714285714285 0.25 0.45 0.3214285714285714 0.25 0.5833333333333333 0.3928571428571428 0.41666666666666663 
0.45 0 0.3666666666666667 0.4 0.25555555555555554 0.34285714285714286 0.2 0.4 0.27142857142857146 0.2 0.5333333333333333 0.2 0.3666666666666667 
0.41666666666666663 0.3666666666666667 0 0.3666666666666667 0.2222222222222222 0.30952380952380953 0.16666666666666666 0.3666666666666667 0.23809523809523808 0.16666666666666666 0.5 0.30952380952380953 0.3333333333333333 
0.45 0.4 0.3666666666666667 0 0.25555555555555554 0.34285714285714286 0.2 0.4 0.27142857142857146 0.2 0.5333333333333333 0.2 0.3666666666666667 
0.3055555555555556 0.25555555555555554 0.2222222222222222 0.25555555555555554 0 0.1984126984126984 0.05555555555555555 0.25555555555555554 0.12698412698412698 0.05555555555555555 0.38888888888888884 0.1984126984126984 0.2222222222222222 
0.39285714285714285 0.34285714285714286 0.30952380952380953 0.34285714285714286 0.1984126984126984 0 0.14285714285714285 0.34285714285714286 0.21428571428571427 0.14285714285714285 0.47619047619047616 0.14285714285714285 0.30952380952380953 
0.25 0.2 0.16666666666666666 0.2 0.05555555555555555 0.14285714285714285 0 0.2 0.07142857142857142 0.1111111111111111 0.3333333333333333 0.14285714285714285 0.16666666666666666 
0.45 0.4 0.3666666666666667 0.4 0.25555555555555554 0.34285714285714286 0.2 0 0.27142857142857146 0.2 0.5333333333333333 0.34285714285714286 0.3666666666666667 
0.3214285714285714 0.27142857142857146 0.23809523809523808 0.27142857142857146 0.12698412698412698 0.21428571428571427 0.07142857142857142 0.27142857142857146 0 0.07142857142857142 0.40476190476190477 0.07142857142857142 0.23809523809523808 
0.25 0.2 0.16666666666666666 0.2 0.05555555555555555 0.14285714285714285 0.1111111111111111 0.2 0.07142857142857142 0 0.3333333333333333 0.14285714285714285 0.16666666666666666 
0.5833333333333333 0.5333333333333333 0.5 0.5333333333333333 0.38888888888888884 0.47619047619047616 0.3333333333333333 0.5333333333333333 0.40476190476190477 0.3333333333333333 0 0.3333333333333333 0.5 
0.39285714285714285 0.2 0.30952380952380953 0.2 0.1984126984126984 0.14285714285714285 0.14285714285714285 0.34285714285714286 0.07142857142857142 0.14285714285714285 0.3333333333333333 0 0.16666666666666666 
0.41666666666666663 0.3666666666666667 0.3333333333333333 0.3666666666666667 0.2222222222222222 0.30952380952380953 0.16666666666666666 0.3666666666666667 0.23809523809523808 0.16666666666666666 0.5 0.16666666666666666 0 
