0 1.0625 1.0625 0.0625 0.3958333333333333 0.12916666666666665 0.1875 0.3958333333333333 0.125 0.3958333333333333 
1.0625 0 2.0 1.0 1.3333333333333333 1.0666666666666667 1.125 1.3333333333333333 1.0625 1.3333333333333333 
1.0625 2.0 0 1.0 1.3333333333333333 1.0666666666666667 1.125 1.3333333333333333 1.0625 1.3333333333333333 
0.0625 1.0 1.0 0 0.3333333333333333 0.06666666666666667 0.125 0.3333333333333333 0.0625 0.3333333333333333 
0.3958333333333333 1.3333333333333333 1.3333333333333333 0.3333333333333333 0 0.39999999999999997 0.4583333333333333 0.6666666666666666 0.3958333333333333 0.6666666666666666 
0.12916666666666665 1.0666666666666667 1.0666666666666667 0.06666666666666667 0.39999999999999997 0 0.19166666666666665 0.39999999999999997 0.12916666666666665 0.39999999999999997 
0.1875 1.125 1.125 0.125 0.4583333333333333 0.19166666666666665 0 0.4583333333333333 0.1875 0.4583333333333333 
0.3958333333333333 1.3333333333333333 1.3333333333333333 0.3333333333333333 0.6666666666666666 0.39999999999999997 0.4583333333333333 0 0.3958333333333333 0.6666666666666666 
0.125 1.0625 1.0625 0.0625 0.3958333333333333 0.12916666666666665 0.1875 0.3958333333333333 0 0.3958333333333333 
0.3958333333333333 1.3333333333333333 1.3333333333333333 0.3333333333333333 0.6666666666666666 0.39999999999999997 0.4583333333333333 0.6666666666666666 0.3958333333333333 0 
