0 0.03333333333333333 0.3333333333333333 0.3333333333333333 0.25 0.3333333333333333 
0.03333333333333333 0 0.36666666666666664 0.36666666666666664 0.2833333333333333 0.36666666666666664 
0.3333333333333333 0.36666666666666664 0 0.6666666666666666 0.5833333333333333 0.6666666666666666 
0.3333333333333333 0.36666666666666664 0.6666666666666666 0 0.5833333333333333 0.6666666666666666 
0.25 0.2833333333333333 0.5833333333333333 0.5833333333333333 0 0.5833333333333333 
0.3333333333333333 0.36666666666666664 0.6666666666666666 0.6666666666666666 0.5833333333333333 0 
