0 0.06666666666666667 1.0 0.12454212454212454 0.038461538461538464 0.12955465587044535 0.3269230769230769 0.125 0.5 0.047619047619047616 0.07692307692307693 0.20192307692307693 
0.06666666666666667 0 1.0666666666666667 0.11428571428571428 0.10512820512820513 0.11929824561403508 0.31666666666666665 0.19166666666666665 0.5666666666666667 0.11428571428571428 0.06666666666666667 0.19166666666666665 
1.0 1.0666666666666667 0 1.0476190476190477 1.0384615384615385 1.0526315789473684 1.25 1.125 1.5 1.0476190476190477 1.0 1.125 
0.12454212454212454 0.11428571428571428 1.0476190476190477 0 0.08608058608058608 0.10025062656641603 0.2976190476190476 0.21428571428571427 0.5476190476190477 0.09523809523809523 0.047619047619047616 0.17261904761904762 
0.038461538461538464 0.10512820512820513 1.0384615384615385 0.08608058608058608 0 0.09109311740890688 0.28846153846153844 0.16346153846153846 0.5 0.08608058608058608 0.038461538461538464 0.16346153846153846 
0.12955465587044535 0.11929824561403508 1.0526315789473684 0.10025062656641603 0.09109311740890688 0 0.3026315789473684 0.21929824561403508 0.5526315789473684 0.10025062656641603 0.05263157894736842 0.17763157894736842 
0.32692307692307687 0.31666666666666665 1.25 0.2976190476190476 0.28846153846153844 0.3026315789473684 0 0.41666666666666663 0.75 0.2976190476190476 0.25 0.375 
0.125 0.19166666666666665 1.125 0.21428571428571427 0.16346153846153846 0.21929824561403508 0.41666666666666663 0 0.625 0.17261904761904762 0.16666666666666666 0.29166666666666663 
0.5 0.5666666666666667 1.5 0.5476190476190477 0.5 0.5526315789473684 0.75 0.625 0 0.5476190476190477 0.5 0.625 
0.047619047619047616 0.11428571428571428 1.0476190476190477 0.09523809523809523 0.08608058608058608 0.10025062656641603 0.2976190476190476 0.17261904761904762 0.5476190476190477 0 0.047619047619047616 0.17261904761904762 
0.07692307692307693 0.06666666666666667 1.0 0.047619047619047616 0.038461538461538464 0.05263157894736842 0.25 0.16666666666666666 0.5 0.047619047619047616 0 0.125 
0.20192307692307693 0.19166666666666665 1.125 0.17261904761904762 0.16346153846153846 0.17763157894736842 0.375 0.29166666666666663 0.625 0.17261904761904762 0.125 0 
