0 0.06666666666666667 0.05555555555555555 0.02127659574468085 0.16666666666666666 0.5 
0.06666666666666667 0 0.06666666666666667 0.06666666666666667 0.23333333333333334 0.5666666666666667 
0.05555555555555555 0.06666666666666667 0 0.06666666666666667 0.2222222222222222 0.5 
0.02127659574468085 0.06666666666666667 0.06666666666666667 0 0.16666666666666666 0.5 
0.16666666666666666 0.23333333333333334 0.2222222222222222 0.16666666666666666 0 0.6666666666666666 
0.5 0.5666666666666667 0.5 0.5 0.6666666666666666 0 
