0 0.030303030303030304 0.5 0.14285714285714285 0.16666666666666666 0.6666666666666666 0.07142857142857142 0.038461538461538464 0.3333333333333333 0.07692307692307693 0.25 0.2 
0.030303030303030304 0 0.5303030303030303 0.17316017316017315 0.19696969696969696 0.696969696969697 0.10173160173160173 0.06876456876456877 0.36363636363636365 0.10722610722610723 0.2803030303030303 0.23030303030303031 
0.5 0.5303030303030303 0 0.6428571428571428 0.6666666666666666 1.1666666666666665 0.5714285714285714 0.5384615384615384 0.8333333333333333 0.5769230769230769 0.75 0.7 
0.14285714285714285 0.17316017316017315 0.6428571428571428 0 0.30952380952380953 0.8095238095238095 0.21428571428571427 0.1813186813186813 0.47619047619047616 0.21978021978021978 0.39285714285714285 0.34285714285714286 
0.16666666666666666 0.19696969696969696 0.6666666666666666 0.30952380952380953 0 0.8333333333333333 0.23809523809523808 0.20512820512820512 0.5 0.24358974358974358 0.41666666666666663 0.3666666666666667 
0.6666666666666666 0.6969696969696969 1.1666666666666665 0.8095238095238095 0.8333333333333333 0 0.738095238095238 0.7051282051282051 0.3333333333333333 0.7435897435897436 0.9166666666666666 0.8666666666666667 
0.07142857142857142 0.10173160173160173 0.5714285714285714 0.21428571428571427 0.23809523809523808 0.7380952380952381 0 0.10989010989010989 0.40476190476190477 0.14835164835164835 0.3214285714285714 0.27142857142857146 
0.038461538461538464 0.06876456876456877 0.5384615384615384 0.1813186813186813 0.20512820512820512 0.7051282051282051 0.10989010989010989 0 0.3717948717948718 0.11538461538461539 0.28846153846153844 0.23846153846153847 
0.3333333333333333 0.36363636363636365 0.8333333333333333 0.47619047619047616 0.5 0.3333333333333333 0.40476190476190477 0.3717948717948718 0 0.41025641025641024 0.5833333333333333 0.5333333333333333 
0.07692307692307693 0.10722610722610723 0.5769230769230769 0.21978021978021978 0.24358974358974358 0.7435897435897436 0.14835164835164835 0.11538461538461539 0.41025641025641024 0 0.3269230769230769 0.27692307692307694 
0.25 0.2803030303030303 0.75 0.39285714285714285 0.41666666666666663 0.9166666666666665 0.3214285714285714 0.28846153846153844 0.5833333333333333 0.3269230769230769 0 0.45 
0.2 0.23030303030303031 0.7 0.34285714285714286 0.3666666666666667 0.8666666666666667 0.27142857142857146 0.23846153846153847 0.5333333333333333 0.27692307692307694 0.45 0 
