0 0.2 0.1 1.0 0.125 0.3333333333333333 0.1111111111111111 1.0 
0.2 0 0.30000000000000004 1.2 0.325 0.5333333333333333 0.3111111111111111 1.2 
0.1 0.30000000000000004 0 1.1 0.225 0.43333333333333335 0.2111111111111111 1.1 
1.0 1.2 1.1 0 1.125 1.3333333333333333 1.1111111111111112 2.0 
0.125 0.325 0.225 1.125 0 0.4583333333333333 0.2361111111111111 1.125 
0.3333333333333333 0.5333333333333333 0.43333333333333335 1.3333333333333333 0.4583333333333333 0 0.4444444444444444 1.3333333333333333 
0.1111111111111111 0.3111111111111111 0.2111111111111111 1.1111111111111112 0.2361111111111111 0.4444444444444444 0 1.1111111111111112 
1.0 1.2 1.1 2.0 1.125 1.3333333333333333 1.1111111111111112 0 
