0 0.05263157894736842 0.25263157894736843 0.05263157894736842 0.14354066985645933 0.19548872180451127 
0.05263157894736842 0 0.30526315789473685 0.10526315789473684 0.19617224880382775 0.24812030075187969 
0.25263157894736843 0.30526315789473685 0 0.2 0.2909090909090909 0.34285714285714286 
0.05263157894736842 0.10526315789473684 0.2 0 0.09090909090909091 0.14285714285714285 
0.14354066985645933 0.19617224880382775 0.2909090909090909 0.09090909090909091 0 0.23376623376623376 
0.19548872180451127 0.24812030075187969 0.34285714285714286 0.14285714285714285 0.23376623376623376 0 
