0 1.1666666666666667 1.0 1.3333333333333333 1.3333333333333333 1.3333333333333333 1.1428571428571428 1.0 1.5 1.0909090909090908 1.0909090909090908 
1.1666666666666667 0 0.16666666666666666 0.5 0.5 0.5 0.30952380952380953 0.16666666666666666 0.6666666666666666 0.25757575757575757 0.25757575757575757 
1.0 0.16666666666666666 0 0.3333333333333333 0.3333333333333333 0.3333333333333333 0.14285714285714285 0.14285714285714285 0.5 0.09090909090909091 0.09090909090909091 
1.3333333333333333 0.5 0.3333333333333333 0 0.6666666666666666 0.6666666666666666 0.47619047619047616 0.47619047619047616 0.8333333333333333 0.4242424242424242 0.4242424242424242 
1.3333333333333333 0.5 0.3333333333333333 0.6666666666666666 0 0.6666666666666666 0.47619047619047616 0.3333333333333333 0.8333333333333333 0.4242424242424242 0.4242424242424242 
1.3333333333333333 0.5 0.3333333333333333 0.6666666666666666 0.6666666666666666 0 0.47619047619047616 0.3333333333333333 0.8333333333333333 0.4242424242424242 0.4242424242424242 
1.1428571428571428 0.30952380952380953 0.14285714285714285 0.47619047619047616 0.47619047619047616 0.47619047619047616 0 0.2857142857142857 0.6428571428571428 0.23376623376623376 0.23376623376623376 
1.0 0.16666666666666666 0.14285714285714285 0.47619047619047616 0.3333333333333333 0.3333333333333333 0.2857142857142857 0 0.5 0.09090909090909091 0.09090909090909091 
1.5 0.6666666666666666 0.5 0.8333333333333333 0.8333333333333333 0.8333333333333333 0.6428571428571428 0.5 0 0.5909090909090909 0.5909090909090909 
1.0909090909090908 0.25757575757575757 0.09090909090909091 0.4242424242424242 0.4242424242424242 0.4242424242424242 0.23376623376623376 0.09090909090909091 0.5909090909090909 0 0.18181818181818182 
1.0909090909090908 0.25757575757575757 0.09090909090909091 0.4242424242424242 0.4242424242424242 0.4242424242424242 0.23376623376623376 0.09090909090909091 0.5909090909090909 0.18181818181818182 0 
