0 0.29166666666666663 0.20192307692307693 0.125 1.125 0.1964285714285714 0.1607142857142857 0.4583333333333333 0.19642857142857142 0.325 0.125 1.125 0.4583333333333333 0.375 
0.29166666666666663 0 0.24358974358974358 0.16666666666666666 1.1666666666666667 0.16666666666666666 0.20238095238095238 0.5 0.23809523809523808 0.3666666666666667 0.16666666666666666 1.1666666666666667 0.5 0.41666666666666663 
0.20192307692307693 0.24358974358974358 0 0.07692307692307693 1.0769230769230769 0.07692307692307693 0.07692307692307693 0.41025641025641024 0.14835164835164835 0.27692307692307694 0.07692307692307693 1.0769230769230769 0.41025641025641024 0.3269230769230769 
0.125 0.16666666666666666 0.07692307692307693 0 1.0 0.07142857142857142 0.03571428571428571 0.3333333333333333 0.07142857142857142 0.2 0.07142857142857142 1.0 0.3333333333333333 0.25 
1.125 1.1666666666666667 1.0769230769230769 1.0 0 1.0 1.0357142857142858 1.3333333333333333 1.0714285714285714 1.2 1.0 2.0 1.3333333333333333 1.0 
0.19642857142857142 0.16666666666666666 0.07692307692307693 0.07142857142857142 1.0 0 0.03571428571428571 0.40476190476190477 0.14285714285714285 0.2 0.07142857142857142 1.0714285714285714 0.40476190476190477 0.25 
0.1607142857142857 0.20238095238095238 0.07692307692307693 0.03571428571428571 1.0357142857142858 0.03571428571428571 0 0.369047619047619 0.10714285714285714 0.2 0.03571428571428571 1.0357142857142858 0.369047619047619 0.2857142857142857 
0.4583333333333333 0.5 0.41025641025641024 0.3333333333333333 1.3333333333333333 0.4047619047619047 0.369047619047619 0 0.40476190476190477 0.5333333333333333 0.3333333333333333 1.3333333333333333 0.6666666666666666 0.5833333333333333 
0.19642857142857142 0.23809523809523808 0.14835164835164835 0.07142857142857142 1.0714285714285714 0.14285714285714285 0.10714285714285714 0.40476190476190477 0 0.27142857142857146 0.07142857142857142 1.0714285714285714 0.40476190476190477 0.3214285714285714 
0.325 0.3666666666666667 0.27692307692307694 0.2 1.2 0.2 0.2 0.5333333333333333 0.27142857142857146 0 0.2 1.2 0.5333333333333333 0.45 
0.125 0.16666666666666666 0.07692307692307693 0.07142857142857142 1.0 0.07142857142857142 0.03571428571428571 0.3333333333333333 0.07142857142857142 0.2 0 1.0 0.3333333333333333 0.25 
1.125 1.1666666666666667 1.0769230769230769 1.0 2.0 1.0714285714285716 1.0357142857142858 1.3333333333333333 1.0714285714285714 1.2 1.0 0 1.3333333333333333 1.25 
0.4583333333333333 0.5 0.41025641025641024 0.3333333333333333 1.3333333333333333 0.4047619047619047 0.369047619047619 0.6666666666666666 0.40476190476190477 0.5333333333333333 0.3333333333333333 1.3333333333333333 0 0.5833333333333333 
0.375 0.41666666666666663 0.3269230769230769 0.25 1.0 0.25 0.2857142857142857 0.5833333333333333 0.3214285714285714 0.45 0.25 1.25 0.5833333333333333 0 
