0 0.16666666666666666 0.2 0.09090909090909091 0.1111111111111111 0.07142857142857142 
0.16666666666666666 0 0.3666666666666667 0.25757575757575757 0.2777777777777778 0.23809523809523808 
0.2 0.3666666666666667 0 0.2909090909090909 0.2 0.27142857142857146 
0.09090909090909091 0.25757575757575757 0.2909090909090909 0 0.20202020202020202 0.16233766233766234 
0.1111111111111111 0.2777777777777778 0.2 0.20202020202020202 0 0.18253968253968253 
0.07142857142857142 0.23809523809523808 0.27142857142857146 0.16233766233766234 0.18253968253968253 0 
