0 2.0 1.125 1.3333333333333333 1.1111111111111112 1.0 
2.0 0 1.125 1.3333333333333333 1.1111111111111112 1.0 
1.125 1.125 0 0.4583333333333333 0.2361111111111111 0.125 
1.3333333333333333 1.3333333333333333 0.4583333333333333 0 0.4444444444444444 0.3333333333333333 
1.1111111111111112 1.1111111111111112 0.2361111111111111 0.4444444444444444 0 0.1111111111111111 
1.0 1.0 0.125 0.3333333333333333 0.1111111111111111 0 
