0 0.058823529411764705 0.5 0.14285714285714285 0.1111111111111111 0.5 0.14285714285714285 
0.058823529411764705 0 0.5 0.14285714285714285 0.1111111111111111 0.5 0.14285714285714285 
0.5 0.5 0 0.6428571428571428 0.6111111111111112 1.0 0.6428571428571428 
0.14285714285714285 0.14285714285714285 0.6428571428571428 0 0.25396825396825395 0.6428571428571428 0.2857142857142857 
0.1111111111111111 0.1111111111111111 0.6111111111111112 0.25396825396825395 0 0.6111111111111112 0.25396825396825395 
0.5 0.5 1.0 0.6428571428571428 0.6111111111111112 0 0.6428571428571428 
0.14285714285714285 0.14285714285714285 0.6428571428571428 0.2857142857142857 0.25396825396825395 0.6428571428571428 0 
