0 0.08333333333333333 0.08333333333333333 0.06666666666666667 0.04 0.041666666666666664 0.05 0.11692307692307694 
0.08333333333333333 0 0.08333333333333333 0.06666666666666667 0.05555555555555555 0.041666666666666664 0.05 0.07692307692307693 
0.08333333333333333 0.08333333333333333 0 0.06666666666666667 0.05555555555555555 0.041666666666666664 0.05 0.07692307692307693 
0.06666666666666667 0.06666666666666667 0.06666666666666667 0 0.06666666666666667 0.10833333333333334 0.11666666666666667 0.14358974358974358 
0.04 0.05555555555555555 0.05555555555555555 0.06666666666666667 0 0.041666666666666664 0.05 0.07692307692307693 
0.041666666666666664 0.041666666666666664 0.041666666666666664 0.10833333333333334 0.041666666666666664 0 0.09166666666666667 0.11858974358974358 
0.05 0.05 0.05 0.11666666666666667 0.05 0.09166666666666667 0 0.12692307692307692 
0.11692307692307694 0.07692307692307693 0.07692307692307693 0.14358974358974358 0.07692307692307693 0.11858974358974358 0.12692307692307692 0 
