0 0.06666666666666667 0.07692307692307693 0.12916666666666665 0.26666666666666666 0.17777777777777776 0.31666666666666665 
0.06666666666666667 0 0.041666666666666664 0.0625 0.2 0.1111111111111111 0.25 
0.07692307692307693 0.041666666666666664 0 0.10416666666666666 0.24166666666666667 0.1111111111111111 0.2916666666666667 
0.12916666666666665 0.0625 0.10416666666666666 0 0.2625 0.1736111111111111 0.3125 
0.26666666666666666 0.2 0.24166666666666667 0.2625 0 0.3111111111111111 0.45 
0.17777777777777776 0.1111111111111111 0.1111111111111111 0.1736111111111111 0.3111111111111111 0 0.3611111111111111 
0.31666666666666665 0.25 0.2916666666666667 0.3125 0.45 0.3611111111111111 0 
