0 0.25 0.5833333333333333 0.34090909090909094 0.3055555555555556 0.5075757575757576 0.5833333333333333 0.75 
0.25 0 0.3333333333333333 0.09090909090909091 0.05555555555555555 0.25757575757575757 0.3333333333333333 0.5 
0.5833333333333333 0.3333333333333333 0 0.4242424242424242 0.38888888888888884 0.5909090909090908 0.6666666666666666 0.8333333333333333 
0.34090909090909094 0.09090909090909091 0.4242424242424242 0 0.05263157894736842 0.16666666666666666 0.3333333333333333 0.5909090909090909 
0.3055555555555556 0.05555555555555555 0.38888888888888884 0.05263157894736842 0 0.21929824561403508 0.38596491228070173 0.5555555555555556 
0.5075757575757576 0.25757575757575757 0.5909090909090908 0.16666666666666666 0.21929824561403508 0 0.5 0.7575757575757576 
0.5833333333333333 0.3333333333333333 0.6666666666666666 0.3333333333333333 0.38596491228070173 0.5 0 0.8333333333333333 
0.75 0.5 0.8333333333333333 0.5909090909090909 0.5555555555555556 0.7575757575757576 0.8333333333333333 0 
