0 0.3333333333333333 0.6666666666666666 0.5 0.43333333333333335 0.4444444444444444 0.39999999999999997 0.3333333333333333 0.47619047619047616 0.3333333333333333 0.41666666666666663 0.5333333333333333 
0.3333333333333333 0 0.3333333333333333 0.16666666666666666 0.1 0.1111111111111111 0.06666666666666667 0.13333333333333333 0.14285714285714285 0.13333333333333333 0.08333333333333333 0.2 
0.6666666666666666 0.3333333333333333 0 0.5 0.43333333333333335 0.4444444444444444 0.39999999999999997 0.3333333333333333 0.47619047619047616 0.3333333333333333 0.41666666666666663 0.5333333333333333 
0.5 0.16666666666666666 0.5 0 0.26666666666666666 0.2777777777777778 0.23333333333333334 0.16666666666666666 0.30952380952380953 0.16666666666666666 0.25 0.3666666666666667 
0.43333333333333335 0.1 0.43333333333333335 0.26666666666666666 0 0.2111111111111111 0.16666666666666669 0.1 0.24285714285714285 0.1 0.18333333333333335 0.30000000000000004 
0.4444444444444444 0.1111111111111111 0.4444444444444444 0.2777777777777778 0.2111111111111111 0 0.17777777777777776 0.1111111111111111 0.25396825396825395 0.1111111111111111 0.19444444444444442 0.3111111111111111 
0.39999999999999997 0.06666666666666667 0.39999999999999997 0.23333333333333334 0.16666666666666669 0.17777777777777776 0 0.06666666666666667 0.2095238095238095 0.06666666666666667 0.15 0.26666666666666666 
0.3333333333333333 0.13333333333333333 0.3333333333333333 0.16666666666666666 0.1 0.1111111111111111 0.06666666666666667 0 0.14285714285714285 0.13333333333333333 0.08333333333333333 0.2 
0.47619047619047616 0.14285714285714285 0.47619047619047616 0.30952380952380953 0.24285714285714285 0.25396825396825395 0.2095238095238095 0.14285714285714285 0 0.14285714285714285 0.22619047619047616 0.34285714285714286 
0.3333333333333333 0.13333333333333333 0.3333333333333333 0.16666666666666666 0.1 0.1111111111111111 0.06666666666666667 0.13333333333333333 0.14285714285714285 0 0.08333333333333333 0.2 
0.41666666666666663 0.08333333333333333 0.41666666666666663 0.25 0.18333333333333335 0.19444444444444442 0.15 0.08333333333333333 0.22619047619047616 0.08333333333333333 0 0.2833333333333333 
0.5333333333333333 0.2 0.5333333333333333 0.3666666666666667 0.30000000000000004 0.3111111111111111 0.26666666666666666 0.2 0.34285714285714286 0.2 0.2833333333333333 0 
