0 0.325 0.625 0.29166666666666663 0.125 1.125 0.4583333333333333 1.125 
0.325 0 0.7 0.3666666666666667 0.2 1.2 0.5333333333333333 1.2 
0.625 0.7 0 0.6666666666666666 0.5 1.5 0.8333333333333333 1.5 
0.29166666666666663 0.3666666666666667 0.6666666666666666 0 0.16666666666666666 1.1666666666666667 0.5 1.1666666666666667 
0.125 0.2 0.5 0.16666666666666666 0 1.0 0.3333333333333333 1.0 
1.125 1.2 1.5 1.1666666666666667 1.0 0 1.3333333333333333 2.0 
0.4583333333333333 0.5333333333333333 0.8333333333333333 0.5 0.3333333333333333 1.3333333333333333 0 1.3333333333333333 
1.125 1.2 1.5 1.1666666666666667 1.0 2.0 1.3333333333333333 0 
