0 0.2 0.325 0.5333333333333333 0.45 0.27142857142857146 0.5333333333333333 
0.2 0 0.125 0.3333333333333333 0.25 0.07142857142857142 0.3333333333333333 
0.325 0.125 0 0.4583333333333333 0.375 0.07142857142857142 0.4583333333333333 
0.5333333333333333 0.3333333333333333 0.4583333333333333 0 0.5833333333333333 0.40476190476190477 0.6666666666666666 
0.45 0.25 0.375 0.5833333333333333 0 0.3214285714285714 0.5833333333333333 
0.27142857142857146 0.07142857142857142 0.07142857142857142 0.40476190476190477 0.3214285714285714 0 0.40476190476190477 
0.5333333333333333 0.3333333333333333 0.4583333333333333 0.6666666666666666 0.5833333333333333 0.40476190476190477 0 
