0 0.25882352941176473 1.0666666666666667 0.5555555555555556 0.9555555555555555 0.25555555555555554 0.6555555555555556 0.6222222222222222 0.7888888888888889 0.5333333333333333 0.6222222222222222 0.9555555555555555 0.2 0.5666666666666667 0.45555555555555555 
0.25882352941176473 0 0.8611111111111112 0.35 0.75 0.11437908496732026 0.44999999999999996 0.41666666666666663 0.5833333333333333 0.39215686274509803 0.41666666666666663 0.75 0.058823529411764705 0.3611111111111111 0.25 
1.0666666666666667 0.8611111111111112 0 0.7111111111111111 1.1111111111111112 0.8111111111111111 0.8111111111111111 0.7777777777777778 0.9444444444444444 0.9444444444444444 0.7777777777777778 1.1111111111111112 0.8666666666666667 0.5 0.6111111111111112 
0.5555555555555556 0.35 0.7111111111111111 0 0.6 0.30000000000000004 0.1 0.26666666666666666 0.43333333333333335 0.43333333333333335 0.26666666666666666 0.6 0.3555555555555556 0.2111111111111111 0.1 
0.9555555555555555 0.75 1.1111111111111112 0.6 0 0.7 0.7 0.6666666666666666 0.8333333333333333 0.8333333333333333 0.6666666666666666 1.0 0.7555555555555555 0.6111111111111112 0.5 
0.25555555555555554 0.11437908496732026 0.8111111111111111 0.30000000000000004 0.7 0 0.4 0.3666666666666667 0.5333333333333333 0.38888888888888884 0.3666666666666667 0.7 0.05555555555555555 0.3111111111111111 0.2 
0.6555555555555557 0.45 0.8111111111111111 0.1 0.7 0.4 0 0.3666666666666667 0.3333333333333333 0.5333333333333333 0.3666666666666667 0.7 0.4555555555555556 0.3111111111111111 0.2 
0.6222222222222222 0.41666666666666663 0.7777777777777778 0.26666666666666666 0.6666666666666666 0.3666666666666667 0.3666666666666667 0 0.5 0.5 0.3333333333333333 0.6666666666666666 0.4222222222222223 0.2777777777777778 0.16666666666666666 
0.788888888888889 0.5833333333333333 0.9444444444444444 0.43333333333333335 0.8333333333333333 0.5333333333333333 0.3333333333333333 0.5 0 0.6666666666666666 0.5 0.8333333333333333 0.5888888888888889 0.4444444444444444 0.3333333333333333 
0.5333333333333333 0.39215686274509803 0.9444444444444444 0.43333333333333335 0.8333333333333333 0.38888888888888884 0.5333333333333333 0.5 0.6666666666666666 0 0.5 0.8333333333333333 0.3333333333333333 0.4444444444444444 0.3333333333333333 
0.6222222222222222 0.41666666666666663 0.7777777777777778 0.26666666666666666 0.6666666666666666 0.3666666666666667 0.3666666666666667 0.3333333333333333 0.5 0.5 0 0.6666666666666666 0.4222222222222223 0.2777777777777778 0.16666666666666666 
0.9555555555555555 0.75 1.1111111111111112 0.6 1.0 0.7 0.7 0.6666666666666666 0.8333333333333333 0.8333333333333333 0.6666666666666666 0 0.7555555555555555 0.6111111111111112 0.5 
0.2 0.058823529411764705 0.8666666666666667 0.3555555555555555 0.7555555555555555 0.05555555555555555 0.4555555555555555 0.42222222222222217 0.5888888888888888 0.3333333333333333 0.42222222222222217 0.7555555555555555 0 0.36666666666666664 0.25555555555555554 
0.5666666666666667 0.3611111111111111 0.5 0.2111111111111111 0.6111111111111112 0.3111111111111111 0.3111111111111111 0.2777777777777778 0.4444444444444444 0.4444444444444444 0.2777777777777778 0.6111111111111112 0.3666666666666667 0 0.1111111111111111 
0.45555555555555555 0.25 0.6111111111111112 0.1 0.5 0.2 0.2 0.16666666666666666 0.3333333333333333 0.3333333333333333 0.16666666666666666 0.5 0.25555555555555554 0.1111111111111111 0 
