0 0.4583333333333333 0.625 0.1875 0.175 0.375 0.2361111111111111 1.125 0.175 0.33788798920377866 0.25 0.20833333333333331 0.625 0.2159090909090909 0.28525641025641024 0.3333333333333333 0.125 0.4583333333333333 0.2159090909090909 1.125 0.17763157894736842 0.22499999999999998 
0.4583333333333333 0 0.8333333333333333 0.3958333333333333 0.3833333333333333 0.5833333333333333 0.4444444444444444 1.3333333333333333 0.3833333333333333 0.546221322537112 0.4583333333333333 0.41666666666666663 0.8333333333333333 0.4242424242424242 0.49358974358974356 0.5416666666666666 0.3333333333333333 0.6666666666666666 0.4242424242424242 1.3333333333333333 0.38596491228070173 0.4333333333333333 
0.625 0.8333333333333333 0 0.5625 0.55 0.75 0.6111111111111112 1.5 0.55 0.7128879892037787 0.625 0.5833333333333334 1.0 0.5909090909090909 0.6602564102564104 0.7083333333333334 0.5 0.8333333333333333 0.5909090909090909 1.5 0.5526315789473684 0.6000000000000001 
0.1875 0.3958333333333333 0.5625 0 0.1125 0.3125 0.1736111111111111 1.0625 0.1125 0.27538798920377866 0.1875 0.14583333333333331 0.5625 0.1534090909090909 0.22275641025641024 0.2708333333333333 0.0625 0.3958333333333333 0.1534090909090909 1.0625 0.11513157894736842 0.1625 
0.175 0.3833333333333333 0.55 0.1125 0 0.3 0.1611111111111111 1.05 0.1 0.26288798920377865 0.175 0.13333333333333333 0.55 0.14090909090909093 0.21025641025641026 0.2583333333333333 0.05 0.3833333333333333 0.14090909090909093 1.05 0.10263157894736842 0.15000000000000002 
0.375 0.5833333333333333 0.75 0.3125 0.3 0 0.3611111111111111 1.25 0.3 0.46288798920377866 0.375 0.3333333333333333 0.75 0.34090909090909094 0.41025641025641024 0.4583333333333333 0.25 0.5833333333333333 0.34090909090909094 1.25 0.3026315789473684 0.35 
0.2361111111111111 0.4444444444444444 0.6111111111111112 0.1736111111111111 0.1611111111111111 0.3611111111111111 0 1.1111111111111112 0.1611111111111111 0.32399910031488977 0.2361111111111111 0.19444444444444442 0.6111111111111112 0.20202020202020202 0.27136752136752135 0.3194444444444444 0.1111111111111111 0.4444444444444444 0.20202020202020202 1.1111111111111112 0.16374269005847952 0.21111111111111108 
1.125 1.3333333333333333 1.5 1.0625 1.05 1.25 1.1111111111111112 0 1.05 1.2128879892037785 1.125 1.0833333333333333 1.5 1.0909090909090908 1.1602564102564101 1.2083333333333333 1.0 1.3333333333333333 1.0909090909090908 2.0 1.0526315789473684 1.1 
0.175 0.3833333333333333 0.55 0.1125 0.1 0.3 0.1611111111111111 1.05 0 0.26288798920377865 0.175 0.13333333333333333 0.55 0.14090909090909093 0.21025641025641026 0.2583333333333333 0.05 0.3833333333333333 0.14090909090909093 1.05 0.10263157894736842 0.05 
0.33788798920377866 0.546221322537112 0.7128879892037787 0.27538798920377866 0.26288798920377865 0.46288798920377866 0.32399910031488977 1.2128879892037787 0.26288798920377865 0 0.33788798920377866 0.12955465587044535 0.7128879892037787 0.30379708011286954 0.05263157894736842 0.125 0.21288798920377866 0.546221322537112 0.30379708011286954 1.2128879892037787 0.2655195681511471 0.31288798920377864 
0.25 0.4583333333333333 0.625 0.1875 0.175 0.375 0.2361111111111111 1.125 0.175 0.33788798920377866 0 0.20833333333333331 0.625 0.2159090909090909 0.28525641025641024 0.3333333333333333 0.125 0.4583333333333333 0.2159090909090909 1.125 0.17763157894736842 0.125 
0.20833333333333331 0.41666666666666663 0.5833333333333334 0.14583333333333331 0.13333333333333333 0.3333333333333333 0.19444444444444442 1.0833333333333333 0.13333333333333333 0.12955465587044535 0.20833333333333331 0 0.5833333333333334 0.17424242424242425 0.07692307692307693 0.125 0.08333333333333333 0.41666666666666663 0.17424242424242425 1.0833333333333333 0.13596491228070173 0.18333333333333335 
0.625 0.8333333333333333 1.0 0.5625 0.55 0.75 0.6111111111111112 1.5 0.55 0.7128879892037787 0.625 0.5833333333333334 0 0.5909090909090909 0.6602564102564104 0.7083333333333334 0.5 0.8333333333333333 0.5909090909090909 1.5 0.5526315789473684 0.6000000000000001 
0.2159090909090909 0.4242424242424242 0.5909090909090909 0.1534090909090909 0.14090909090909093 0.34090909090909094 0.20202020202020202 1.0909090909090908 0.14090909090909093 0.3037970801128696 0.2159090909090909 0.17424242424242425 0.5909090909090909 0 0.2511655011655012 0.29924242424242425 0.09090909090909091 0.4242424242424242 0.18181818181818182 1.0909090909090908 0.14354066985645933 0.09090909090909091 
0.28525641025641024 0.49358974358974356 0.6602564102564102 0.22275641025641024 0.21025641025641023 0.41025641025641024 0.27136752136752135 1.1602564102564101 0.21025641025641023 0.05263157894736842 0.28525641025641024 0.07692307692307693 0.6602564102564102 0.2511655011655012 0 0.17763157894736842 0.16025641025641024 0.49358974358974356 0.2511655011655012 1.1602564102564101 0.21288798920377866 0.2602564102564102 
0.3333333333333333 0.5416666666666666 0.7083333333333333 0.2708333333333333 0.2583333333333333 0.4583333333333333 0.3194444444444444 1.2083333333333333 0.2583333333333333 0.125 0.3333333333333333 0.125 0.7083333333333333 0.2992424242424242 0.17763157894736842 0 0.20833333333333331 0.5416666666666666 0.2992424242424242 1.2083333333333333 0.26096491228070173 0.3083333333333333 
0.125 0.3333333333333333 0.5 0.0625 0.05 0.25 0.1111111111111111 1.0 0.05 0.21288798920377866 0.125 0.08333333333333333 0.5 0.09090909090909091 0.16025641025641024 0.20833333333333331 0 0.3333333333333333 0.09090909090909091 1.0 0.05263157894736842 0.1 
0.4583333333333333 0.6666666666666666 0.8333333333333333 0.3958333333333333 0.3833333333333333 0.5833333333333333 0.4444444444444444 1.3333333333333333 0.3833333333333333 0.546221322537112 0.4583333333333333 0.41666666666666663 0.8333333333333333 0.4242424242424242 0.49358974358974356 0.5416666666666666 0.3333333333333333 0 0.4242424242424242 1.3333333333333333 0.38596491228070173 0.4333333333333333 
0.2159090909090909 0.4242424242424242 0.5909090909090909 0.1534090909090909 0.14090909090909093 0.34090909090909094 0.20202020202020202 1.0909090909090908 0.14090909090909093 0.3037970801128696 0.2159090909090909 0.17424242424242425 0.5909090909090909 0.18181818181818182 0.2511655011655012 0.29924242424242425 0.09090909090909091 0.4242424242424242 0 1.0909090909090908 0.14354066985645933 0.19090909090909092 
1.125 1.3333333333333333 1.5 1.0625 1.05 1.25 1.1111111111111112 2.0 1.05 1.2128879892037785 1.125 1.0833333333333333 1.5 1.0909090909090908 1.1602564102564101 1.2083333333333333 1.0 1.3333333333333333 1.0909090909090908 0 1.0526315789473684 1.1 
0.17763157894736842 0.38596491228070173 0.5526315789473684 0.11513157894736842 0.10263157894736842 0.3026315789473684 0.16374269005847952 1.0526315789473684 0.10263157894736842 0.2655195681511471 0.17763157894736842 0.13596491228070173 0.5526315789473684 0.14354066985645933 0.21288798920377866 0.26096491228070173 0.05263157894736842 0.38596491228070173 0.14354066985645933 1.0526315789473684 0 0.15263157894736842 
0.225 0.43333333333333335 0.6 0.1625 0.15000000000000002 0.35 0.2111111111111111 1.1 0.05 0.3128879892037787 0.125 0.18333333333333335 0.6 0.09090909090909091 0.2602564102564103 0.30833333333333335 0.1 0.43333333333333335 0.19090909090909092 1.1 0.15263157894736842 0 
