0 0.22040816326530613 0.27040816326530615 0.3333333333333333 0.6333333333333333 0.02040816326530612 0.07923169267707082 0.43333333333333335 
0.22040816326530613 0 0.45 0.5537414965986395 0.8537414965986394 0.2 0.25882352941176473 0.6537414965986394 
0.27040816326530615 0.45 0 0.6037414965986394 0.9037414965986394 0.25 0.3088235294117647 0.7037414965986394 
0.3333333333333333 0.5537414965986395 0.6037414965986394 0 0.30000000000000004 0.35374149659863946 0.4125650260104042 0.1 
0.6333333333333333 0.8537414965986394 0.9037414965986394 0.30000000000000004 0 0.6537414965986394 0.7125650260104042 0.2 
0.02040816326530612 0.2 0.25 0.35374149659863946 0.6537414965986394 0 0.058823529411764705 0.4537414965986395 
0.07923169267707082 0.25882352941176473 0.3088235294117647 0.4125650260104041 0.7125650260104042 0.058823529411764705 0 0.5125650260104041 
0.43333333333333335 0.6537414965986394 0.7037414965986395 0.1 0.2 0.4537414965986395 0.5125650260104042 0 
