0 0.1111111111111111 0.1111111111111111 0.1111111111111111 0.20202020202020202 0.1111111111111111 
0.1111111111111111 0 0.08333333333333333 0.13095238095238093 0.17424242424242425 0.047619047619047616 
0.1111111111111111 0.08333333333333333 0 0.14285714285714285 0.09090909090909091 0.09090909090909091 
0.1111111111111111 0.13095238095238093 0.14285714285714285 0 0.23376623376623376 0.08333333333333333 
0.20202020202020202 0.17424242424242425 0.09090909090909091 0.23376623376623376 0 0.18181818181818182 
0.1111111111111111 0.047619047619047616 0.09090909090909091 0.08333333333333333 0.18181818181818182 0 
