0 0.13742690058479531 0.25396825396825395 0.13813813813813813 0.3111111111111111 0.1111111111111111 0.16666666666666666 
0.13742690058479531 0 0.16917293233082706 0.05334281650071124 0.22631578947368422 0.02631578947368421 0.08187134502923976 
0.25396825396825395 0.16917293233082706 0 0.16988416988416988 0.34285714285714286 0.14285714285714285 0.1984126984126984 
0.13813813813813813 0.05334281650071124 0.16988416988416988 0 0.22702702702702704 0.02702702702702703 0.08258258258258258 
0.3111111111111111 0.22631578947368422 0.34285714285714286 0.22702702702702704 0 0.2 0.25555555555555554 
0.1111111111111111 0.02631578947368421 0.14285714285714285 0.02702702702702703 0.2 0 0.05555555555555555 
0.16666666666666666 0.08187134502923976 0.1984126984126984 0.08258258258258258 0.25555555555555554 0.05555555555555555 0 
