0 0.41025641025641024 0.27692307692307694 0.07692307692307693 0.24358974358974358 0.21978021978021978 0.27692307692307694 0.20192307692307693 0.24358974358974358 0.41025641025641024 0.27692307692307694 0.18803418803418803 0.09733124018838304 0.13247863247863248 0.24358974358974358 0.27692307692307694 
0.41025641025641024 0 0.3333333333333333 0.3333333333333333 0.16666666666666666 0.47619047619047616 0.5333333333333333 0.4583333333333333 0.5 0.6666666666666666 0.5333333333333333 0.4444444444444444 0.35374149659863946 0.38888888888888884 0.5 0.5333333333333333 
0.27692307692307694 0.3333333333333333 0 0.2 0.3666666666666667 0.34285714285714286 0.4 0.325 0.3666666666666667 0.5333333333333333 0.4 0.3111111111111111 0.22040816326530613 0.25555555555555554 0.3666666666666667 0.4 
0.07692307692307693 0.3333333333333333 0.2 0 0.16666666666666666 0.14285714285714285 0.2 0.125 0.16666666666666666 0.3333333333333333 0.2 0.1111111111111111 0.02040816326530612 0.05555555555555555 0.16666666666666666 0.2 
0.24358974358974358 0.16666666666666666 0.3666666666666667 0.16666666666666666 0 0.30952380952380953 0.3666666666666667 0.29166666666666663 0.3333333333333333 0.5 0.3666666666666667 0.2777777777777778 0.18707482993197277 0.2222222222222222 0.3333333333333333 0.3666666666666667 
0.21978021978021978 0.47619047619047616 0.34285714285714286 0.14285714285714285 0.30952380952380953 0 0.34285714285714286 0.26785714285714285 0.30952380952380953 0.47619047619047616 0.34285714285714286 0.25396825396825395 0.16326530612244897 0.1984126984126984 0.30952380952380953 0.34285714285714286 
0.27692307692307694 0.5333333333333333 0.4 0.2 0.3666666666666667 0.34285714285714286 0 0.325 0.3666666666666667 0.5333333333333333 0.4 0.3111111111111111 0.22040816326530613 0.25555555555555554 0.3666666666666667 0.4 
0.20192307692307693 0.45833333333333326 0.325 0.125 0.29166666666666663 0.26785714285714285 0.325 0 0.29166666666666663 0.4583333333333333 0.325 0.2361111111111111 0.14540816326530612 0.18055555555555555 0.29166666666666663 0.325 
0.24358974358974358 0.5 0.3666666666666667 0.16666666666666666 0.3333333333333333 0.30952380952380953 0.3666666666666667 0.29166666666666663 0 0.5 0.3666666666666667 0.2777777777777778 0.18707482993197277 0.2222222222222222 0.3333333333333333 0.3666666666666667 
0.41025641025641024 0.6666666666666666 0.5333333333333333 0.3333333333333333 0.5 0.47619047619047616 0.5333333333333333 0.4583333333333333 0.5 0 0.5333333333333333 0.4444444444444444 0.35374149659863946 0.38888888888888884 0.5 0.5333333333333333 
0.27692307692307694 0.5333333333333333 0.4 0.2 0.3666666666666667 0.34285714285714286 0.4 0.325 0.3666666666666667 0.5333333333333333 0 0.3111111111111111 0.22040816326530613 0.25555555555555554 0.3666666666666667 0.4 
0.18803418803418803 0.4444444444444444 0.3111111111111111 0.1111111111111111 0.2777777777777778 0.25396825396825395 0.3111111111111111 0.2361111111111111 0.2777777777777778 0.4444444444444444 0.3111111111111111 0 0.13151927437641722 0.16666666666666666 0.2777777777777778 0.3111111111111111 
0.09733124018838304 0.3537414965986394 0.22040816326530613 0.02040816326530612 0.18707482993197277 0.16326530612244897 0.22040816326530613 0.14540816326530612 0.18707482993197277 0.35374149659863946 0.22040816326530613 0.13151927437641722 0 0.07596371882086167 0.16666666666666666 0.22040816326530613 
0.13247863247863248 0.38888888888888884 0.25555555555555554 0.05555555555555555 0.2222222222222222 0.1984126984126984 0.25555555555555554 0.18055555555555555 0.2222222222222222 0.38888888888888884 0.25555555555555554 0.16666666666666666 0.07596371882086167 0 0.2222222222222222 0.2 
0.24358974358974358 0.5 0.3666666666666667 0.16666666666666666 0.3333333333333333 0.30952380952380953 0.3666666666666667 0.29166666666666663 0.3333333333333333 0.5 0.3666666666666667 0.2777777777777778 0.16666666666666666 0.2222222222222222 0 0.3666666666666667 
0.27692307692307694 0.5333333333333333 0.4 0.2 0.3666666666666667 0.34285714285714286 0.4 0.325 0.3666666666666667 0.5333333333333333 0.4 0.3111111111111111 0.22040816326530613 0.2 0.3666666666666667 0 
