0 0.2909090909090909 0.2909090909090909 0.3111111111111111 0.25 0.2 0.27692307692307694 0.2625 
0.2909090909090909 0 0.18181818181818182 0.20202020202020202 0.14090909090909093 0.09090909090909091 0.16783216783216784 0.1534090909090909 
0.2909090909090909 0.18181818181818182 0 0.20202020202020202 0.14090909090909093 0.09090909090909091 0.16783216783216784 0.1534090909090909 
0.3111111111111111 0.20202020202020202 0.20202020202020202 0 0.1611111111111111 0.1111111111111111 0.18803418803418803 0.1736111111111111 
0.25 0.14090909090909093 0.14090909090909093 0.1611111111111111 0 0.05 0.12692307692307692 0.1125 
0.2 0.09090909090909091 0.09090909090909091 0.1111111111111111 0.05 0 0.07692307692307693 0.0625 
0.27692307692307694 0.16783216783216784 0.16783216783216784 0.18803418803418803 0.12692307692307692 0.07692307692307693 0 0.13942307692307693 
0.2625 0.1534090909090909 0.1534090909090909 0.1736111111111111 0.1125 0.0625 0.13942307692307693 0 
