0 0.11929824561403508 0.31666666666666665 0.5666666666666667 0.2095238095238095 0.06666666666666667 0.31666666666666665 0.06666666666666667 0.5666666666666667 0.26666666666666666 
0.11929824561403508 0 0.3026315789473684 0.5526315789473684 0.19548872180451127 0.05263157894736842 0.3026315789473684 0.11929824561403508 0.5526315789473684 0.25263157894736843 
0.31666666666666665 0.3026315789473684 0 0.75 0.39285714285714285 0.25 0.5 0.31666666666666665 0.75 0.45 
0.5666666666666667 0.5526315789473684 0.75 0 0.6428571428571428 0.5 0.75 0.5666666666666667 1.0 0.7 
0.2095238095238095 0.19548872180451127 0.39285714285714285 0.6428571428571428 0 0.14285714285714285 0.39285714285714285 0.2095238095238095 0.6428571428571428 0.34285714285714286 
0.06666666666666667 0.05263157894736842 0.25 0.5 0.14285714285714285 0 0.25 0.06666666666666667 0.5 0.2 
0.31666666666666665 0.3026315789473684 0.5 0.75 0.39285714285714285 0.25 0 0.31666666666666665 0.75 0.45 
0.06666666666666667 0.11929824561403508 0.31666666666666665 0.5666666666666667 0.2095238095238095 0.06666666666666667 0.31666666666666665 0 0.5666666666666667 0.26666666666666666 
0.5666666666666667 0.5526315789473684 0.75 1.0 0.6428571428571428 0.5 0.75 0.5666666666666667 0 0.7 
0.26666666666666666 0.25263157894736843 0.45 0.7 0.34285714285714286 0.2 0.45 0.26666666666666666 0.7 0 
