0 1.2 1.0769230769230769 1.0769230769230769 1.25 1.2 1.1666666666666667 1.0 1.1111111111111112 1.2 1.1428571428571428 1.0666666666666667 1.3333333333333333 
1.2 0 0.27692307692307694 0.27692307692307694 0.45 0.4 0.3666666666666667 0.2 0.3111111111111111 0.4 0.34285714285714286 0.26666666666666666 0.5333333333333333 
1.0769230769230769 0.27692307692307694 0 0.15384615384615385 0.3269230769230769 0.27692307692307694 0.24358974358974358 0.07692307692307693 0.18803418803418803 0.27692307692307694 0.21978021978021978 0.14358974358974358 0.41025641025641024 
1.0769230769230769 0.27692307692307694 0.15384615384615385 0 0.3269230769230769 0.27692307692307694 0.24358974358974358 0.07692307692307693 0.18803418803418803 0.27692307692307694 0.21978021978021978 0.14358974358974358 0.41025641025641024 
1.25 0.45 0.3269230769230769 0.3269230769230769 0 0.45 0.41666666666666663 0.25 0.3611111111111111 0.45 0.39285714285714285 0.31666666666666665 0.5833333333333333 
1.2 0.4 0.27692307692307694 0.27692307692307694 0.45 0 0.3666666666666667 0.2 0.3111111111111111 0.4 0.34285714285714286 0.26666666666666666 0.5333333333333333 
1.1666666666666667 0.3666666666666667 0.24358974358974358 0.24358974358974358 0.41666666666666663 0.3666666666666667 0 0.16666666666666666 0.2777777777777778 0.3666666666666667 0.30952380952380953 0.23333333333333334 0.5 
1.0 0.2 0.07692307692307693 0.07692307692307693 0.25 0.2 0.16666666666666666 0 0.1111111111111111 0.2 0.14285714285714285 0.06666666666666667 0.3333333333333333 
1.1111111111111112 0.3111111111111111 0.18803418803418803 0.18803418803418803 0.3611111111111111 0.3111111111111111 0.2777777777777778 0.1111111111111111 0 0.3111111111111111 0.25396825396825395 0.17777777777777776 0.4444444444444444 
1.2 0.4 0.27692307692307694 0.27692307692307694 0.45 0.4 0.3666666666666667 0.2 0.3111111111111111 0 0.34285714285714286 0.26666666666666666 0.5333333333333333 
1.1428571428571428 0.34285714285714286 0.21978021978021978 0.21978021978021978 0.39285714285714285 0.34285714285714286 0.30952380952380953 0.14285714285714285 0.25396825396825395 0.34285714285714286 0 0.2095238095238095 0.3333333333333333 
1.0666666666666667 0.26666666666666666 0.14358974358974358 0.14358974358974358 0.31666666666666665 0.26666666666666666 0.23333333333333334 0.06666666666666667 0.17777777777777776 0.26666666666666666 0.2095238095238095 0 0.39999999999999997 
1.3333333333333333 0.5333333333333333 0.41025641025641024 0.41025641025641024 0.5833333333333333 0.5333333333333333 0.5 0.3333333333333333 0.4444444444444444 0.5333333333333333 0.3333333333333333 0.39999999999999997 0 
