0 0.5333333333333333 0.5333333333333333 0.4242424242424242 0.6666666666666666 0.43333333333333335 0.3333333333333333 0.5 0.3333333333333333 
0.5333333333333333 0 0.4 0.2909090909090909 0.5333333333333333 0.30000000000000004 0.2 0.3666666666666667 0.2 
0.5333333333333333 0.4 0 0.2909090909090909 0.5333333333333333 0.30000000000000004 0.2 0.3666666666666667 0.2 
0.4242424242424242 0.2909090909090909 0.2909090909090909 0 0.4242424242424242 0.19090909090909092 0.09090909090909091 0.25757575757575757 0.09090909090909091 
0.6666666666666666 0.5333333333333333 0.5333333333333333 0.4242424242424242 0 0.43333333333333335 0.4242424242424242 0.5 0.3333333333333333 
0.43333333333333335 0.30000000000000004 0.30000000000000004 0.19090909090909092 0.43333333333333335 0 0.19090909090909092 0.26666666666666666 0.1 
0.3333333333333333 0.2 0.2 0.09090909090909091 0.4242424242424242 0.19090909090909092 0 0.16666666666666666 0.09090909090909091 
0.5 0.3666666666666667 0.3666666666666667 0.25757575757575757 0.5 0.26666666666666666 0.16666666666666666 0 0.16666666666666666 
0.3333333333333333 0.2 0.2 0.09090909090909091 0.3333333333333333 0.1 0.09090909090909091 0.16666666666666666 0 
