0 0.19444444444444442 0.25396825396825395 1.1111111111111112 0.15277777777777776 0.2777777777777778 0.1511111111111111 0.1111111111111111 0.1736111111111111 
0.19444444444444442 0 0.22619047619047616 1.0833333333333333 0.125 0.25 0.12333333333333332 0.08333333333333333 0.14583333333333331 
0.25396825396825395 0.22619047619047616 0 1.1428571428571428 0.1845238095238095 0.30952380952380953 0.18285714285714286 0.14285714285714285 0.20535714285714285 
1.1111111111111112 1.0833333333333333 1.1428571428571428 0 1.0416666666666667 1.1666666666666667 1.0 1.0 1.0625 
0.15277777777777776 0.125 0.1845238095238095 1.0416666666666667 0 0.20833333333333331 0.08166666666666667 0.041666666666666664 0.10416666666666666 
0.2777777777777778 0.25 0.30952380952380953 1.1666666666666667 0.20833333333333331 0 0.16666666666666666 0.16666666666666666 0.22916666666666666 
0.1511111111111111 0.12333333333333332 0.18285714285714286 1.0 0.08166666666666667 0.16666666666666666 0 0.04 0.0625 
0.1111111111111111 0.08333333333333333 0.14285714285714285 1.0 0.041666666666666664 0.16666666666666666 0.04 0 0.0625 
0.1736111111111111 0.14583333333333331 0.20535714285714285 1.0625 0.10416666666666666 0.22916666666666666 0.0625 0.0625 0 
