0 0.3333333333333333 0.3333333333333333 0.3333333333333333 0.5333333333333333 0.4583333333333333 0.39215686274509803 0.6666666666666666 0.8333333333333333 0.5833333333333333 1.3333333333333333 
0.3333333333333333 0 0.125 0.125 0.2 0.25 0.18382352941176472 0.3333333333333333 0.625 0.375 1.0 
0.3333333333333333 0.125 0 0.2 0.2 0.125 0.058823529411764705 0.3333333333333333 0.5 0.25 1.0 
0.3333333333333333 0.125 0.2 0 0.2 0.325 0.25882352941176473 0.3333333333333333 0.7 0.45 1.0 
0.5333333333333333 0.2 0.2 0.2 0 0.325 0.25882352941176473 0.5333333333333333 0.7 0.45 1.2 
0.4583333333333333 0.25 0.125 0.325 0.325 0 0.18382352941176472 0.4583333333333333 0.625 0.375 1.125 
0.39215686274509803 0.18382352941176472 0.058823529411764705 0.25882352941176473 0.25882352941176473 0.18382352941176472 0 0.39215686274509803 0.5588235294117647 0.3088235294117647 1.0588235294117647 
0.6666666666666666 0.3333333333333333 0.3333333333333333 0.3333333333333333 0.5333333333333333 0.4583333333333333 0.39215686274509803 0 0.8333333333333333 0.5833333333333333 1.3333333333333333 
0.8333333333333333 0.625 0.5 0.7 0.7 0.625 0.5588235294117647 0.8333333333333333 0 0.75 1.5 
0.5833333333333333 0.375 0.25 0.45 0.45 0.375 0.3088235294117647 0.5833333333333333 0.75 0 1.25 
1.3333333333333333 1.0 1.0 1.0 1.2 1.125 1.0588235294117647 1.3333333333333333 1.5 1.25 0 
