0 0.2625 0.0625 0.0625 0.3958333333333333 0.3958333333333333 
0.2625 0 0.325 0.2 0.6583333333333333 0.5333333333333333 
0.0625 0.325 0 0.125 0.3333333333333333 0.3333333333333333 
0.0625 0.2 0.125 0 0.4583333333333333 0.3333333333333333 
0.3958333333333333 0.6583333333333333 0.3333333333333333 0.4583333333333333 0 0.6666666666666666 
0.3958333333333333 0.5333333333333333 0.3333333333333333 0.3333333333333333 0.6666666666666666 0 
