0 0.16666666666666666 0.26785714285714285 0.125 0.29166666666666663 0.20192307692307693 0.325 0.325 0.4583333333333333 0.29166666666666663 0.125 0.19642857142857142 0.375 0.175 
0.16666666666666666 0 0.1845238095238095 0.041666666666666664 0.20833333333333331 0.11858974358974358 0.24166666666666667 0.24166666666666667 0.375 0.20833333333333331 0.041666666666666664 0.11309523809523808 0.2916666666666667 0.09166666666666667 
0.26785714285714285 0.1845238095238095 0 0.14285714285714285 0.30952380952380953 0.21978021978021978 0.34285714285714286 0.34285714285714286 0.3333333333333333 0.30952380952380953 0.14285714285714285 0.21428571428571427 0.39285714285714285 0.19285714285714284 
0.125 0.041666666666666664 0.14285714285714285 0 0.16666666666666666 0.07692307692307693 0.2 0.2 0.3333333333333333 0.16666666666666666 0.08333333333333333 0.07142857142857142 0.25 0.05 
0.29166666666666663 0.20833333333333331 0.30952380952380953 0.16666666666666666 0 0.24358974358974358 0.3666666666666667 0.3666666666666667 0.5 0.3333333333333333 0.16666666666666666 0.23809523809523808 0.41666666666666663 0.21666666666666667 
0.20192307692307693 0.11858974358974358 0.21978021978021978 0.07692307692307693 0.24358974358974358 0 0.27692307692307694 0.27692307692307694 0.41025641025641024 0.24358974358974358 0.07692307692307693 0.14835164835164835 0.3269230769230769 0.12692307692307692 
0.325 0.24166666666666667 0.34285714285714286 0.2 0.3666666666666667 0.27692307692307694 0 0.4 0.5333333333333333 0.3666666666666667 0.2 0.27142857142857146 0.45 0.25 
0.325 0.24166666666666667 0.34285714285714286 0.2 0.3666666666666667 0.27692307692307694 0.4 0 0.5333333333333333 0.3666666666666667 0.2 0.27142857142857146 0.45 0.25 
0.4583333333333333 0.375 0.3333333333333333 0.3333333333333333 0.5 0.41025641025641024 0.5333333333333333 0.5333333333333333 0 0.5 0.3333333333333333 0.40476190476190477 0.5833333333333333 0.3833333333333333 
0.29166666666666663 0.20833333333333331 0.30952380952380953 0.16666666666666666 0.3333333333333333 0.24358974358974358 0.3666666666666667 0.3666666666666667 0.5 0 0.16666666666666666 0.23809523809523808 0.41666666666666663 0.21666666666666667 
0.125 0.041666666666666664 0.14285714285714285 0.08333333333333333 0.16666666666666666 0.07692307692307693 0.2 0.2 0.3333333333333333 0.16666666666666666 0 0.07142857142857142 0.25 0.05 
0.19642857142857142 0.11309523809523808 0.21428571428571427 0.07142857142857142 0.23809523809523808 0.14835164835164835 0.27142857142857146 0.27142857142857146 0.40476190476190477 0.23809523809523808 0.07142857142857142 0 0.3214285714285714 0.12142857142857143 
0.375 0.2916666666666667 0.39285714285714285 0.25 0.41666666666666663 0.3269230769230769 0.45 0.45 0.5833333333333333 0.41666666666666663 0.25 0.3214285714285714 0 0.3 
0.175 0.09166666666666667 0.19285714285714284 0.05 0.21666666666666667 0.12692307692307692 0.25 0.25 0.3833333333333333 0.21666666666666667 0.05 0.12142857142857143 0.3 0 
