0 0.6666666666666666 0.30952380952380953 0.25757575757575757 0.16666666666666666 0.30952380952380953 0.23809523809523808 
0.6666666666666666 0 0.6428571428571428 0.5909090909090909 0.5 0.6428571428571428 0.5714285714285714 
0.30952380952380953 0.6428571428571428 0 0.23376623376623376 0.14285714285714285 0.2857142857142857 0.21428571428571427 
0.25757575757575757 0.5909090909090909 0.23376623376623376 0 0.09090909090909091 0.23376623376623376 0.16233766233766234 
0.16666666666666666 0.5 0.14285714285714285 0.09090909090909091 0 0.14285714285714285 0.07142857142857142 
0.30952380952380953 0.6428571428571428 0.2857142857142857 0.23376623376623376 0.14285714285714285 0 0.21428571428571427 
0.23809523809523808 0.5714285714285714 0.21428571428571427 0.16233766233766234 0.07142857142857142 0.21428571428571427 0 
