0 1.0 0.2 0.16666666666666666 0.25 0.3333333333333333 0.125 0.125 
1.0 0 1.2 1.1666666666666667 1.25 1.3333333333333333 1.0 1.125 
0.2 1.2 0 0.3666666666666667 0.45 0.5333333333333333 0.2 0.325 
0.16666666666666666 1.1666666666666667 0.3666666666666667 0 0.41666666666666663 0.5 0.29166666666666663 0.29166666666666663 
0.25 1.25 0.45 0.41666666666666663 0 0.5833333333333333 0.375 0.375 
0.3333333333333333 1.3333333333333333 0.5333333333333333 0.5 0.5833333333333333 0 0.4583333333333333 0.4583333333333333 
0.125 1.0 0.2 0.29166666666666663 0.375 0.4583333333333333 0 0.25 
0.125 1.125 0.325 0.29166666666666663 0.375 0.4583333333333333 0.25 0 
