0 0.25 0.3333333333333333 0.3333333333333333 0.3333333333333333 0.14285714285714285 1.25 
0.25 0 0.3333333333333333 0.3333333333333333 0.1111111111111111 0.14285714285714285 1.0 
0.3333333333333333 0.3333333333333333 0 0.6666666666666666 0.4444444444444444 0.47619047619047616 1.3333333333333333 
0.3333333333333333 0.3333333333333333 0.6666666666666666 0 0.4444444444444444 0.47619047619047616 1.3333333333333333 
0.3333333333333333 0.1111111111111111 0.4444444444444444 0.4444444444444444 0 0.25396825396825395 1.0 
0.14285714285714285 0.14285714285714285 0.47619047619047616 0.47619047619047616 0.25396825396825395 0 1.1428571428571428 
1.25 1.0 1.3333333333333333 1.3333333333333333 1.0 1.1428571428571428 0 
