0 0.058823529411764705 0.08333333333333333 0.1 0.037037037037037035 1.0 0.05555555555555555 
0.058823529411764705 0 0.14215686274509803 0.1588235294117647 0.06666666666666667 1.0 0.11437908496732026 
0.08333333333333333 0.14215686274509803 0 0.1 0.12037037037037036 1.0833333333333333 0.1388888888888889 
0.1 0.1588235294117647 0.1 0 0.13703703703703704 1.1 0.15555555555555556 
0.037037037037037035 0.06666666666666667 0.12037037037037036 0.13703703703703704 0 1.0 0.05555555555555555 
1.0 1.0 1.0833333333333333 1.1 1.0 0 1.0555555555555556 
0.05555555555555555 0.11437908496732026 0.1388888888888889 0.15555555555555556 0.05555555555555555 1.0555555555555556 0 
