0 0.2111111111111111 0.19444444444444442 0.19444444444444442 0.4444444444444444 1.1111111111111112 0.20202020202020202 0.2111111111111111 0.1111111111111111 0.2777777777777778 0.19444444444444442 0.3611111111111111 0.3111111111111111 
0.2111111111111111 0 0.18333333333333335 0.18333333333333335 0.43333333333333335 1.1 0.19090909090909092 0.2 0.1 0.26666666666666666 0.18333333333333335 0.35 0.30000000000000004 
0.19444444444444442 0.18333333333333335 0 0.16666666666666666 0.41666666666666663 1.0833333333333333 0.17424242424242425 0.18333333333333335 0.08333333333333333 0.25 0.16666666666666666 0.3333333333333333 0.2833333333333333 
0.19444444444444442 0.18333333333333335 0.16666666666666666 0 0.41666666666666663 1.0833333333333333 0.17424242424242425 0.18333333333333335 0.08333333333333333 0.25 0.16666666666666666 0.3333333333333333 0.2833333333333333 
0.4444444444444444 0.43333333333333335 0.41666666666666663 0.41666666666666663 0 1.3333333333333333 0.4242424242424242 0.43333333333333335 0.3333333333333333 0.5 0.41666666666666663 0.5833333333333333 0.5333333333333333 
1.1111111111111112 1.1 1.0833333333333333 1.0833333333333333 1.3333333333333333 0 1.0909090909090908 1.1 1.0 1.1666666666666667 1.0833333333333333 1.25 1.2 
0.20202020202020202 0.19090909090909092 0.17424242424242425 0.17424242424242425 0.4242424242424242 1.0909090909090908 0 0.19090909090909092 0.09090909090909091 0.25757575757575757 0.17424242424242425 0.34090909090909094 0.2909090909090909 
0.2111111111111111 0.2 0.18333333333333335 0.18333333333333335 0.43333333333333335 1.1 0.19090909090909092 0 0.1 0.26666666666666666 0.18333333333333335 0.35 0.30000000000000004 
0.1111111111111111 0.1 0.08333333333333333 0.08333333333333333 0.3333333333333333 1.0 0.09090909090909091 0.1 0 0.16666666666666666 0.08333333333333333 0.25 0.2 
0.2777777777777778 0.26666666666666666 0.25 0.25 0.5 1.1666666666666667 0.25757575757575757 0.26666666666666666 0.16666666666666666 0 0.25 0.41666666666666663 0.3666666666666667 
0.19444444444444442 0.18333333333333335 0.16666666666666666 0.16666666666666666 0.41666666666666663 1.0833333333333333 0.17424242424242425 0.18333333333333335 0.08333333333333333 0.25 0 0.3333333333333333 0.2833333333333333 
0.3611111111111111 0.35 0.3333333333333333 0.3333333333333333 0.5833333333333333 1.25 0.34090909090909094 0.35 0.25 0.41666666666666663 0.3333333333333333 0 0.45 
0.3111111111111111 0.30000000000000004 0.2833333333333333 0.2833333333333333 0.5333333333333333 1.2 0.2909090909090909 0.30000000000000004 0.2 0.3666666666666667 0.2833333333333333 0.45 0 
