0 0.24285714285714285 0.26666666666666666 0.24285714285714285 0.2111111111111111 0.1 
0.24285714285714285 0 0.30952380952380953 0.2857142857142857 0.25396825396825395 0.14285714285714285 
0.26666666666666666 0.30952380952380953 0 0.30952380952380953 0.2777777777777778 0.16666666666666666 
0.24285714285714285 0.2857142857142857 0.30952380952380953 0 0.25396825396825395 0.14285714285714285 
0.2111111111111111 0.25396825396825395 0.2777777777777778 0.25396825396825395 0 0.1111111111111111 
0.1 0.14285714285714285 0.16666666666666666 0.14285714285714285 0.1111111111111111 0 
