0 0.2 0.125 0.5 0.3333333333333333 0.3333333333333333 0.5 0.2 
0.2 0 0.325 0.7 0.5333333333333333 0.5333333333333333 0.7 0.4 
0.125 0.325 0 0.625 0.4583333333333333 0.4583333333333333 0.625 0.325 
0.5 0.7 0.625 0 0.8333333333333333 0.8333333333333333 1.0 0.7 
0.3333333333333333 0.5333333333333333 0.4583333333333333 0.8333333333333333 0 0.6666666666666666 0.8333333333333333 0.5333333333333333 
0.3333333333333333 0.5333333333333333 0.4583333333333333 0.8333333333333333 0.6666666666666666 0 0.8333333333333333 0.5333333333333333 
0.5 0.7 0.625 1.0 0.8333333333333333 0.8333333333333333 0 0.7 
0.2 0.4 0.325 0.7 0.5333333333333333 0.5333333333333333 0.7 0 
