0 0.15202702702702703 0.1875 0.125 0.2708333333333333 0.20296101949025486 0.16847826086956522 0.25 
0.15202702702702703 0 0.045454545454545456 0.02702702702702703 0.12878787878787878 0.0787878787878788 0.07050528789659224 0.15202702702702703 
0.1875 0.045454545454545456 0 0.0625 0.08333333333333333 0.03333333333333333 0.030303030303030304 0.1875 
0.125 0.02702702702702703 0.0625 0 0.14583333333333331 0.07796101949025487 0.043478260869565216 0.125 
0.2708333333333333 0.12878787878787878 0.08333333333333333 0.14583333333333331 0 0.11666666666666667 0.11363636363636363 0.2708333333333333 
0.20296101949025486 0.0787878787878788 0.03333333333333333 0.07796101949025487 0.11666666666666667 0 0.034482758620689655 0.20296101949025486 
0.16847826086956522 0.07050528789659224 0.030303030303030304 0.043478260869565216 0.11363636363636363 0.034482758620689655 0 0.16847826086956522 
0.25 0.15202702702702703 0.1875 0.125 0.2708333333333333 0.20296101949025486 0.16847826086956522 0 
