0 0.030303030303030304 0.19696969696969696 0.05887445887445887 0.07792207792207792 0.030303030303030304 0.12554112554112554 1.058874458874459 
0.030303030303030304 0 0.16666666666666666 0.02857142857142857 0.047619047619047616 0.03125 0.09523809523809523 1.0285714285714285 
0.19696969696969696 0.16666666666666666 0 0.19523809523809524 0.21428571428571427 0.16666666666666666 0.26190476190476186 1.1952380952380952 
0.05887445887445887 0.02857142857142857 0.19523809523809524 0 0.047619047619047616 0.05982142857142857 0.07142857142857142 1.0 
0.07792207792207792 0.047619047619047616 0.21428571428571427 0.047619047619047616 0 0.047619047619047616 0.047619047619047616 1.0476190476190477 
0.030303030303030304 0.03125 0.16666666666666666 0.05982142857142857 0.047619047619047616 0 0.09523809523809523 1.0598214285714285 
0.12554112554112554 0.09523809523809523 0.26190476190476186 0.07142857142857142 0.047619047619047616 0.09523809523809523 0 1.0714285714285714 
1.0588744588744587 1.0285714285714285 1.1952380952380952 1.0 1.0476190476190477 1.0598214285714285 1.0714285714285714 0 
