0 0.75 0.6428571428571428 0.7 0.5 0.75 1.0 0.5 
0.75 0 0.39285714285714285 0.45 0.25 0.5 0.75 0.39285714285714285 
0.6428571428571428 0.39285714285714285 0 0.34285714285714286 0.14285714285714285 0.39285714285714285 0.6428571428571428 0.2857142857142857 
0.7 0.45 0.34285714285714286 0 0.2 0.45 0.7 0.34285714285714286 
0.5 0.25 0.14285714285714285 0.2 0 0.25 0.5 0.14285714285714285 
0.75 0.5 0.39285714285714285 0.45 0.25 0 0.75 0.39285714285714285 
1.0 0.75 0.6428571428571428 0.7 0.5 0.75 0 0.6428571428571428 
0.5 0.39285714285714285 0.2857142857142857 0.34285714285714286 0.14285714285714285 0.39285714285714285 0.6428571428571428 0 
