0 0.5 0.5 0.23809523809523808 0.41666666666666663 0.26666666666666666 0.16666666666666666 
0.5 0 0.6666666666666666 0.40476190476190477 0.5833333333333333 0.43333333333333335 0.3333333333333333 
0.5 0.6666666666666666 0 0.40476190476190477 0.5833333333333333 0.43333333333333335 0.3333333333333333 
0.23809523809523808 0.40476190476190477 0.40476190476190477 0 0.3214285714285714 0.07142857142857142 0.07142857142857142 
0.41666666666666663 0.5833333333333333 0.5833333333333333 0.3214285714285714 0 0.35 0.25 
0.26666666666666666 0.43333333333333335 0.43333333333333335 0.07142857142857142 0.35 0 0.1 
0.16666666666666666 0.3333333333333333 0.3333333333333333 0.07142857142857142 0.25 0.1 0 
