0 0.21014492753623187 0.19999999999999998 0.16666666666666666 0.2011494252873563 0.16666666666666666 
0.21014492753623187 0 0.07681159420289854 0.043478260869565216 0.07796101949025487 0.043478260869565216 
0.19999999999999998 0.07681159420289854 0 0.03333333333333333 0.067816091954023 0.03333333333333333 
0.16666666666666666 0.043478260869565216 0.03333333333333333 0 0.034482758620689655 0.06666666666666667 
0.2011494252873563 0.07796101949025487 0.067816091954023 0.034482758620689655 0 0.034482758620689655 
0.16666666666666666 0.043478260869565216 0.03333333333333333 0.06666666666666667 0.034482758620689655 0 
