0 0.6666666666666666 0.6111111111111112 0.5 0.7 0.8333333333333333 0.75 0.6111111111111112 0.5 0.6666666666666666 
0.6666666666666666 0 0.2777777777777778 0.16666666666666666 0.3666666666666667 0.5 0.41666666666666663 0.2777777777777778 0.3333333333333333 0.3333333333333333 
0.6111111111111112 0.2777777777777778 0 0.1111111111111111 0.3111111111111111 0.4444444444444444 0.3611111111111111 0.2222222222222222 0.1111111111111111 0.2777777777777778 
0.5 0.16666666666666666 0.1111111111111111 0 0.2 0.3333333333333333 0.25 0.1111111111111111 0.16666666666666666 0.16666666666666666 
0.7 0.3666666666666667 0.3111111111111111 0.2 0 0.5333333333333333 0.45 0.3111111111111111 0.3666666666666667 0.3666666666666667 
0.8333333333333333 0.5 0.4444444444444444 0.3333333333333333 0.5333333333333333 0 0.5833333333333333 0.4444444444444444 0.5 0.5 
0.75 0.41666666666666663 0.3611111111111111 0.25 0.45 0.5833333333333333 0 0.3611111111111111 0.41666666666666663 0.41666666666666663 
0.6111111111111112 0.2777777777777778 0.2222222222222222 0.1111111111111111 0.3111111111111111 0.4444444444444444 0.3611111111111111 0 0.1111111111111111 0.2777777777777778 
0.5 0.3333333333333333 0.1111111111111111 0.16666666666666666 0.3666666666666667 0.5 0.41666666666666663 0.1111111111111111 0 0.3333333333333333 
0.6666666666666666 0.3333333333333333 0.2777777777777778 0.16666666666666666 0.3666666666666667 0.5 0.41666666666666663 0.2777777777777778 0.3333333333333333 0 
