0 0.3 0.175 0.11666666666666667 0.55 0.55 0.1611111111111111 0.12692307692307692 0.05 0.3833333333333333 0.10263157894736842 0.15000000000000002 0.12692307692307692 0.13333333333333333 0.1611111111111111 0.12142857142857143 
0.3 0 0.375 0.31666666666666665 0.75 0.75 0.3611111111111111 0.3269230769230769 0.25 0.5833333333333333 0.25 0.35 0.3269230769230769 0.3333333333333333 0.3611111111111111 0.3214285714285714 
0.175 0.375 0 0.19166666666666665 0.625 0.625 0.2361111111111111 0.20192307692307693 0.125 0.4583333333333333 0.17763157894736842 0.225 0.20192307692307693 0.20833333333333331 0.2361111111111111 0.19642857142857142 
0.11666666666666667 0.31666666666666665 0.19166666666666665 0 0.5666666666666667 0.5666666666666667 0.09090909090909091 0.14358974358974358 0.06666666666666667 0.39999999999999997 0.11929824561403508 0.09090909090909091 0.09090909090909091 0.15 0.17777777777777776 0.1380952380952381 
0.55 0.75 0.625 0.5666666666666667 0 1.0 0.6111111111111112 0.5769230769230769 0.5 0.8333333333333333 0.5526315789473684 0.6 0.5769230769230769 0.5833333333333334 0.6111111111111112 0.5 
0.55 0.75 0.625 0.5666666666666667 1.0 0 0.6111111111111112 0.5769230769230769 0.5 0.8333333333333333 0.5526315789473684 0.6 0.5769230769230769 0.5833333333333334 0.6111111111111112 0.5714285714285714 
0.1611111111111111 0.3611111111111111 0.2361111111111111 0.09090909090909091 0.6111111111111112 0.6111111111111112 0 0.18803418803418803 0.1111111111111111 0.4444444444444444 0.16374269005847952 0.16666666666666666 0.1111111111111111 0.19444444444444442 0.2222222222222222 0.18253968253968253 
0.12692307692307692 0.3269230769230769 0.20192307692307693 0.14358974358974358 0.5769230769230769 0.5769230769230769 0.18803418803418803 0 0.07692307692307693 0.41025641025641024 0.12955465587044535 0.17692307692307693 0.15384615384615385 0.16025641025641024 0.18803418803418803 0.14835164835164835 
0.05 0.25 0.125 0.06666666666666667 0.5 0.5 0.1111111111111111 0.07692307692307693 0 0.3333333333333333 0.05263157894736842 0.1 0.07692307692307693 0.08333333333333333 0.1111111111111111 0.07142857142857142 
0.3833333333333333 0.5833333333333333 0.4583333333333333 0.39999999999999997 0.8333333333333333 0.8333333333333333 0.4444444444444444 0.41025641025641024 0.3333333333333333 0 0.38596491228070173 0.43333333333333335 0.41025641025641024 0.41666666666666663 0.4444444444444444 0.40476190476190477 
0.10263157894736842 0.25 0.17763157894736842 0.11929824561403508 0.5526315789473684 0.5526315789473684 0.16374269005847952 0.12955465587044535 0.05263157894736842 0.38596491228070173 0 0.15263157894736842 0.12955465587044535 0.13596491228070173 0.16374269005847952 0.12406015037593984 
0.15000000000000002 0.35 0.225 0.09090909090909091 0.6 0.6 0.16666666666666666 0.17692307692307693 0.1 0.43333333333333335 0.15263157894736842 0 0.16666666666666666 0.18333333333333335 0.2111111111111111 0.17142857142857143 
0.12692307692307692 0.3269230769230769 0.20192307692307693 0.09090909090909091 0.5769230769230769 0.5769230769230769 0.1111111111111111 0.15384615384615385 0.07692307692307693 0.41025641025641024 0.12955465587044535 0.16666666666666666 0 0.16025641025641024 0.18803418803418803 0.14835164835164835 
0.13333333333333333 0.3333333333333333 0.20833333333333331 0.15 0.5833333333333334 0.5833333333333334 0.19444444444444442 0.16025641025641024 0.08333333333333333 0.41666666666666663 0.13596491228070173 0.18333333333333335 0.16025641025641024 0 0.19444444444444442 0.15476190476190477 
0.1611111111111111 0.3611111111111111 0.2361111111111111 0.17777777777777776 0.6111111111111112 0.6111111111111112 0.2222222222222222 0.18803418803418803 0.1111111111111111 0.4444444444444444 0.16374269005847952 0.2111111111111111 0.18803418803418803 0.19444444444444442 0 0.18253968253968253 
0.12142857142857143 0.3214285714285714 0.19642857142857142 0.1380952380952381 0.5 0.5714285714285714 0.18253968253968253 0.14835164835164835 0.07142857142857142 0.40476190476190477 0.12406015037593984 0.17142857142857143 0.14835164835164835 0.15476190476190477 0.18253968253968253 0 
