0 0.2857142857142857 0.25 0.14285714285714285 0.125 0.125 0.3333333333333333 
0.2857142857142857 0 0.5357142857142857 0.14285714285714285 0.4107142857142857 0.2857142857142857 0.6190476190476191 
0.25 0.5357142857142857 0 0.39285714285714285 0.375 0.25 0.5833333333333333 
0.14285714285714285 0.14285714285714285 0.39285714285714285 0 0.26785714285714285 0.14285714285714285 0.47619047619047616 
0.125 0.4107142857142857 0.375 0.26785714285714285 0 0.125 0.4583333333333333 
0.125 0.2857142857142857 0.25 0.14285714285714285 0.125 0 0.3333333333333333 
0.3333333333333333 0.6190476190476191 0.5833333333333333 0.47619047619047616 0.4583333333333333 0.3333333333333333 0 
