0 0.2857142857142857 0.2857142857142857 0.14285714285714285 0.14285714285714285 0.30952380952380953 
0.2857142857142857 0 0.2857142857142857 0.14285714285714285 0.14285714285714285 0.30952380952380953 
0.2857142857142857 0.2857142857142857 0 0.14285714285714285 0.14285714285714285 0.30952380952380953 
0.14285714285714285 0.14285714285714285 0.14285714285714285 0 0.14285714285714285 0.16666666666666666 
0.14285714285714285 0.14285714285714285 0.14285714285714285 0.14285714285714285 0 0.16666666666666666 
0.30952380952380953 0.30952380952380953 0.30952380952380953 0.16666666666666666 0.16666666666666666 0 
