0 0.1 0.2 0.18333333333333335 0.13125 0.26666666666666666 0.15555555555555556 1.1 
0.1 0 0.1 0.08333333333333333 0.03125 0.16666666666666666 0.05555555555555555 1.0 
0.2 0.1 0 0.18333333333333335 0.13125 0.26666666666666666 0.15555555555555556 1.1 
0.18333333333333335 0.08333333333333333 0.18333333333333335 0 0.11458333333333333 0.25 0.1388888888888889 1.0833333333333333 
0.13125 0.03125 0.13125 0.11458333333333333 0 0.19791666666666666 0.08680555555555555 1.03125 
0.26666666666666666 0.16666666666666666 0.26666666666666666 0.25 0.19791666666666666 0 0.2222222222222222 1.1666666666666667 
0.15555555555555556 0.05555555555555555 0.15555555555555556 0.1388888888888889 0.08680555555555555 0.2222222222222222 0 1.0555555555555556 
1.1 1.0 1.1 1.0833333333333333 1.03125 1.1666666666666667 1.0555555555555556 0 
