0 0.28846153846153844 0.038461538461538464 0.3717948717948718 0.28846153846153844 0.038461538461538464 0.20512820512820512 
0.28846153846153844 0 0.25 0.5833333333333333 0.5 0.25 0.41666666666666663 
0.038461538461538464 0.25 0 0.3333333333333333 0.25 0.05263157894736842 0.16666666666666666 
0.3717948717948718 0.5833333333333333 0.3333333333333333 0 0.5833333333333333 0.3333333333333333 0.5 
0.28846153846153844 0.5 0.25 0.5833333333333333 0 0.25 0.41666666666666663 
0.038461538461538464 0.25 0.05263157894736842 0.3333333333333333 0.25 0 0.16666666666666666 
0.20512820512820512 0.41666666666666663 0.16666666666666666 0.5 0.41666666666666663 0.16666666666666666 0 
