0 1.037037037037037 1.3333333333333333 1.3333333333333333 1.125 1.0909090909090908 1.0588235294117647 1.2 1.3333333333333333 1.1666666666666667 1.1111111111111112 1.1666666666666667 1.0 1.0 1.5 1.0909090909090908 1.1428571428571428 1.3333333333333333 1.1111111111111112 1.0769230769230769 1.0625 1.25 2.0 1.25 1.0256410256410255 1.1428571428571428 
1.037037037037037 0 0.37037037037037035 0.3333333333333333 0.16203703703703703 0.12794612794612795 0.09586056644880174 0.23703703703703705 0.37037037037037035 0.2037037037037037 0.14814814814814814 0.2037037037037037 0.037037037037037035 0.37037037037037035 0.537037037037037 0.12794612794612795 0.17989417989417988 0.37037037037037035 0.14814814814814814 0.11396011396011396 0.09953703703703703 0.28703703703703703 1.037037037037037 0.28703703703703703 0.06267806267806267 0.17989417989417988 
1.3333333333333333 0.37037037037037035 0 0.6666666666666666 0.4583333333333333 0.4242424242424242 0.39215686274509803 0.5333333333333333 0.5 0.5 0.4444444444444444 0.5 0.3333333333333333 0.6666666666666666 0.8333333333333333 0.4242424242424242 0.47619047619047616 0.6666666666666666 0.4444444444444444 0.41025641025641024 0.3958333333333333 0.5833333333333333 1.3333333333333333 0.5833333333333333 0.358974358974359 0.47619047619047616 
1.3333333333333333 0.3333333333333333 0.6666666666666666 0 0.4583333333333333 0.4242424242424242 0.39215686274509803 0.5333333333333333 0.6666666666666666 0.5 0.4444444444444444 0.5 0.3333333333333333 0.6666666666666666 0.8333333333333333 0.4242424242424242 0.47619047619047616 0.6666666666666666 0.4444444444444444 0.41025641025641024 0.3958333333333333 0.5833333333333333 1.3333333333333333 0.5833333333333333 0.358974358974359 0.47619047619047616 
1.125 0.16203703703703703 0.4583333333333333 0.4583333333333333 0 0.2159090909090909 0.18382352941176472 0.325 0.4583333333333333 0.29166666666666663 0.2361111111111111 0.29166666666666663 0.125 0.4583333333333333 0.625 0.2159090909090909 0.26785714285714285 0.4583333333333333 0.2361111111111111 0.20192307692307693 0.1875 0.375 1.125 0.375 0.15064102564102563 0.26785714285714285 
1.0909090909090908 0.12794612794612795 0.4242424242424242 0.4242424242424242 0.2159090909090909 0 0.1497326203208556 0.2909090909090909 0.4242424242424242 0.25757575757575757 0.20202020202020202 0.25757575757575757 0.09090909090909091 0.4242424242424242 0.5909090909090909 0.18181818181818182 0.23376623376623376 0.4242424242424242 0.20202020202020202 0.16783216783216784 0.1534090909090909 0.34090909090909094 1.0909090909090908 0.34090909090909094 0.11655011655011654 0.23376623376623376 
1.0588235294117647 0.09586056644880174 0.39215686274509803 0.39215686274509803 0.18382352941176472 0.1497326203208556 0 0.25882352941176473 0.39215686274509803 0.22549019607843135 0.16993464052287582 0.22549019607843135 0.058823529411764705 0.39215686274509803 0.5588235294117647 0.1497326203208556 0.20168067226890757 0.39215686274509803 0.16993464052287582 0.13574660633484165 0.1213235294117647 0.3088235294117647 1.0588235294117647 0.3088235294117647 0.08446455505279035 0.20168067226890757 
1.2 0.23703703703703705 0.5333333333333333 0.5333333333333333 0.325 0.2909090909090909 0.25882352941176473 0 0.5333333333333333 0.3666666666666667 0.3111111111111111 0.3666666666666667 0.2 0.5333333333333333 0.7 0.2909090909090909 0.34285714285714286 0.5333333333333333 0.3111111111111111 0.27692307692307694 0.2625 0.45 1.2 0.45 0.22564102564102564 0.34285714285714286 
1.3333333333333333 0.37037037037037035 0.5 0.6666666666666666 0.4583333333333333 0.4242424242424242 0.39215686274509803 0.5333333333333333 0 0.5 0.4444444444444444 0.5 0.3333333333333333 0.6666666666666666 0.8333333333333333 0.4242424242424242 0.47619047619047616 0.6666666666666666 0.4444444444444444 0.41025641025641024 0.3958333333333333 0.5833333333333333 1.3333333333333333 0.5833333333333333 0.358974358974359 0.47619047619047616 
1.1666666666666667 0.2037037037037037 0.5 0.5 0.29166666666666663 0.25757575757575757 0.22549019607843135 0.3666666666666667 0.5 0 0.2777777777777778 0.3333333333333333 0.16666666666666666 0.5 0.6666666666666666 0.25757575757575757 0.30952380952380953 0.5 0.2777777777777778 0.24358974358974358 0.22916666666666666 0.41666666666666663 1.1666666666666667 0.41666666666666663 0.1923076923076923 0.30952380952380953 
1.1111111111111112 0.14814814814814814 0.4444444444444444 0.4444444444444444 0.2361111111111111 0.20202020202020202 0.16993464052287582 0.3111111111111111 0.4444444444444444 0.2777777777777778 0 0.2777777777777778 0.1111111111111111 0.4444444444444444 0.6111111111111112 0.20202020202020202 0.14285714285714285 0.4444444444444444 0.2222222222222222 0.18803418803418803 0.1736111111111111 0.25 1.1111111111111112 0.3611111111111111 0.13675213675213674 0.25396825396825395 
1.1666666666666667 0.2037037037037037 0.5 0.5 0.29166666666666663 0.25757575757575757 0.22549019607843135 0.3666666666666667 0.5 0.3333333333333333 0.2777777777777778 0 0.16666666666666666 0.5 0.6666666666666666 0.25757575757575757 0.30952380952380953 0.5 0.2777777777777778 0.24358974358974358 0.22916666666666666 0.41666666666666663 1.1666666666666667 0.41666666666666663 0.1923076923076923 0.30952380952380953 
1.0 0.037037037037037035 0.3333333333333333 0.3333333333333333 0.125 0.09090909090909091 0.058823529411764705 0.2 0.3333333333333333 0.16666666666666666 0.1111111111111111 0.16666666666666666 0 0.3333333333333333 0.5 0.09090909090909091 0.14285714285714285 0.3333333333333333 0.1111111111111111 0.07692307692307693 0.0625 0.25 1.0 0.25 0.02564102564102564 0.14285714285714285 
1.0 0.37037037037037035 0.6666666666666666 0.6666666666666666 0.4583333333333333 0.4242424242424242 0.39215686274509803 0.5333333333333333 0.6666666666666666 0.5 0.4444444444444444 0.5 0.3333333333333333 0 0.8333333333333333 0.4242424242424242 0.47619047619047616 0.6666666666666666 0.4444444444444444 0.41025641025641024 0.3958333333333333 0.5833333333333333 1.3333333333333333 0.5833333333333333 0.358974358974359 0.47619047619047616 
1.5 0.537037037037037 0.8333333333333333 0.8333333333333333 0.625 0.5909090909090909 0.5588235294117647 0.7 0.8333333333333333 0.6666666666666666 0.6111111111111112 0.6666666666666666 0.5 0.8333333333333333 0 0.5909090909090909 0.6428571428571428 0.8333333333333333 0.6111111111111112 0.5769230769230769 0.5625 0.75 1.5 0.75 0.5256410256410257 0.6428571428571428 
1.0909090909090908 0.12794612794612795 0.4242424242424242 0.4242424242424242 0.2159090909090909 0.18181818181818182 0.1497326203208556 0.2909090909090909 0.4242424242424242 0.25757575757575757 0.20202020202020202 0.25757575757575757 0.09090909090909091 0.4242424242424242 0.5909090909090909 0 0.23376623376623376 0.4242424242424242 0.20202020202020202 0.16783216783216784 0.1534090909090909 0.34090909090909094 1.0909090909090908 0.34090909090909094 0.11655011655011654 0.23376623376623376 
1.1428571428571428 0.17989417989417988 0.47619047619047616 0.47619047619047616 0.26785714285714285 0.23376623376623376 0.20168067226890757 0.34285714285714286 0.47619047619047616 0.30952380952380953 0.14285714285714285 0.30952380952380953 0.14285714285714285 0.47619047619047616 0.6428571428571428 0.23376623376623376 0 0.47619047619047616 0.25396825396825395 0.21978021978021978 0.20535714285714285 0.39285714285714285 1.1428571428571428 0.39285714285714285 0.16849816849816848 0.2857142857142857 
1.3333333333333333 0.37037037037037035 0.6666666666666666 0.6666666666666666 0.4583333333333333 0.4242424242424242 0.39215686274509803 0.5333333333333333 0.6666666666666666 0.5 0.4444444444444444 0.5 0.3333333333333333 0.6666666666666666 0.8333333333333333 0.4242424242424242 0.47619047619047616 0 0.4444444444444444 0.41025641025641024 0.3958333333333333 0.5833333333333333 1.3333333333333333 0.5833333333333333 0.358974358974359 0.47619047619047616 
1.1111111111111112 0.14814814814814814 0.4444444444444444 0.4444444444444444 0.2361111111111111 0.20202020202020202 0.16993464052287582 0.3111111111111111 0.4444444444444444 0.2777777777777778 0.2222222222222222 0.2777777777777778 0.1111111111111111 0.4444444444444444 0.6111111111111112 0.20202020202020202 0.25396825396825395 0.4444444444444444 0 0.18803418803418803 0.1736111111111111 0.3611111111111111 1.1111111111111112 0.3611111111111111 0.13675213675213674 0.25396825396825395 
1.0769230769230769 0.11396011396011396 0.41025641025641024 0.41025641025641024 0.20192307692307693 0.16783216783216784 0.13574660633484165 0.27692307692307694 0.41025641025641024 0.24358974358974358 0.18803418803418803 0.24358974358974358 0.07692307692307693 0.41025641025641024 0.5769230769230769 0.16783216783216784 0.21978021978021978 0.41025641025641024 0.18803418803418803 0 0.13942307692307693 0.3269230769230769 1.0 0.3269230769230769 0.10256410256410256 0.21978021978021978 
1.0625 0.09953703703703703 0.3958333333333333 0.3958333333333333 0.1875 0.1534090909090909 0.1213235294117647 0.2625 0.3958333333333333 0.22916666666666666 0.1736111111111111 0.22916666666666666 0.0625 0.3958333333333333 0.5625 0.1534090909090909 0.20535714285714285 0.3958333333333333 0.1736111111111111 0.13942307692307693 0 0.3125 1.0625 0.3125 0.08814102564102563 0.20535714285714285 
1.25 0.28703703703703703 0.5833333333333333 0.5833333333333333 0.375 0.34090909090909094 0.3088235294117647 0.45 0.5833333333333333 0.41666666666666663 0.25 0.41666666666666663 0.25 0.5833333333333333 0.75 0.34090909090909094 0.39285714285714285 0.5833333333333333 0.3611111111111111 0.3269230769230769 0.3125 0 1.25 0.5 0.27564102564102566 0.39285714285714285 
2.0 1.037037037037037 1.3333333333333333 1.3333333333333333 1.125 1.0909090909090908 1.0588235294117647 1.2 1.3333333333333333 1.1666666666666667 1.1111111111111112 1.1666666666666667 1.0 1.3333333333333333 1.5 1.0909090909090908 1.1428571428571428 1.3333333333333333 1.1111111111111112 1.0 1.0625 1.25 0 1.25 1.0256410256410255 1.1428571428571428 
1.25 0.28703703703703703 0.5833333333333333 0.5833333333333333 0.375 0.34090909090909094 0.3088235294117647 0.45 0.5833333333333333 0.41666666666666663 0.3611111111111111 0.41666666666666663 0.25 0.5833333333333333 0.75 0.34090909090909094 0.39285714285714285 0.5833333333333333 0.3611111111111111 0.3269230769230769 0.3125 0.5 1.25 0 0.27564102564102566 0.39285714285714285 
1.0256410256410255 0.06267806267806267 0.358974358974359 0.358974358974359 0.15064102564102563 0.11655011655011654 0.08446455505279035 0.22564102564102564 0.358974358974359 0.1923076923076923 0.13675213675213674 0.1923076923076923 0.02564102564102564 0.358974358974359 0.5256410256410257 0.11655011655011654 0.16849816849816848 0.358974358974359 0.13675213675213674 0.10256410256410256 0.08814102564102563 0.27564102564102566 1.0256410256410255 0.27564102564102566 0 0.16849816849816848 
1.1428571428571428 0.17989417989417988 0.47619047619047616 0.47619047619047616 0.26785714285714285 0.23376623376623376 0.20168067226890757 0.34285714285714286 0.47619047619047616 0.30952380952380953 0.25396825396825395 0.30952380952380953 0.14285714285714285 0.47619047619047616 0.6428571428571428 0.23376623376623376 0.2857142857142857 0.47619047619047616 0.25396825396825395 0.21978021978021978 0.20535714285714285 0.39285714285714285 1.1428571428571428 0.39285714285714285 0.16849816849816848 0 
