0 0.41666666666666663 0.20238095238095238 0.3333333333333333 0.6666666666666666 0.16666666666666666 0.3333333333333333 0.30952380952380953 
0.41666666666666663 0 0.2857142857142857 0.41666666666666663 0.75 0.25 0.41666666666666663 0.39285714285714285 
0.20238095238095238 0.2857142857142857 0 0.20238095238095238 0.5357142857142857 0.03571428571428571 0.20238095238095238 0.17857142857142855 
0.3333333333333333 0.41666666666666663 0.20238095238095238 0 0.6666666666666666 0.16666666666666666 0.3333333333333333 0.30952380952380953 
0.6666666666666666 0.75 0.5357142857142857 0.6666666666666666 0 0.5 0.6666666666666666 0.6428571428571428 
0.16666666666666666 0.25 0.03571428571428571 0.16666666666666666 0.5 0 0.16666666666666666 0.14285714285714285 
0.3333333333333333 0.41666666666666663 0.20238095238095238 0.3333333333333333 0.6666666666666666 0.16666666666666666 0 0.30952380952380953 
0.30952380952380953 0.39285714285714285 0.17857142857142855 0.30952380952380953 0.6428571428571428 0.14285714285714285 0.30952380952380953 0 
