0 0.5454545454545454 0.30952380952380953 0.16666666666666666 0.2121212121212121 0.41666666666666663 
0.5454545454545454 0 0.47619047619047616 0.3787878787878788 0.3333333333333333 0.5833333333333333 
0.30952380952380953 0.47619047619047616 0 0.14285714285714285 0.14285714285714285 0.39285714285714285 
0.16666666666666666 0.3787878787878788 0.14285714285714285 0 0.045454545454545456 0.25 
0.2121212121212121 0.3333333333333333 0.14285714285714285 0.045454545454545456 0 0.25 
0.41666666666666663 0.5833333333333333 0.39285714285714285 0.25 0.25 0 
