0 0.16666666666666666 0.30952380952380953 0.5 0.3666666666666667 0.16666666666666666 
0.16666666666666666 0 0.14285714285714285 0.3333333333333333 0.2 0.16666666666666666 
0.30952380952380953 0.14285714285714285 0 0.47619047619047616 0.34285714285714286 0.14285714285714285 
0.5 0.3333333333333333 0.47619047619047616 0 0.5333333333333333 0.3333333333333333 
0.3666666666666667 0.2 0.34285714285714286 0.5333333333333333 0 0.2 
0.16666666666666666 0.16666666666666666 0.14285714285714285 0.3333333333333333 0.2 0 
